   2   1   1 E -1.7734909101562E+04 DE-2.5E-07(  8)
  0.112189205729E+02  0.412122360356E-02  0.000000000000E+00
 -0.560597980849E+01  0.972993154306E+01  0.000000000000E+00
  0.000000000000E+00  0.000000000000E+00  0.500000000000E+03
    1
  0.100000000000E+01  0.000000000000E+00  0.000000000000E+00
  0.000000000000E+00  0.100000000000E+01  0.000000000000E+00
  0.000000000000E+00  0.000000000000E+00  0.100000000000E+01
  0.000000000000E+00  0.000000000000E+00  0.000000000000E+00
  111
    8     -1.809823783334      1.073166756336      4.118073131020
    8     13.067460891858      5.433598847394      0.882882502500
    8     16.853162389567      5.426905002396      0.851158835354
    8      1.834946109655      1.243093420079      4.220848872767
    8     11.075506084507      4.262859019425      4.225175279905
    8     -5.690558870352      1.291404230180      4.098492975637
    8     13.059218312217      3.304336336311      2.449728374630
    8     11.181863748798      6.500750260681      2.552043359407
  258      1.839178849262     -1.044845338654      3.423125939989
  258     -0.028770237506      2.149153741878      3.271538361566
  258      3.730747046614     -4.379331372596      3.231887395807
  258      5.697283153847     -1.003573088860      3.695495262745
  258      3.741975912288      2.174462520422      3.248498437990
  258      7.485869330509     -4.323249168803      3.355071902087
  258     -1.879794190392     -1.078718362525      3.269468379696
  258     -3.748224423717      2.180115826599      3.374007474486
  258      0.012004811407     -4.321460166494      3.244951777375
    8     -0.004951640460      0.001317509346      2.456031648734
    8     -1.892823935778      3.216771297118      2.419206827381
    8     18.726093469764      4.382496385889      4.091219202861
    8      3.780548470721     -0.053567304742      2.586838633498
    8     15.025279369634      4.299737274015      4.150008361996
    8     16.855407598933      3.301476327798      2.396535723084
    8     -3.770894324043      0.025761230666      2.558728663270
    8     16.693322605409      7.524713326194      4.209485548268
    8     13.222021166471      7.459975245208      4.061154844033
    8      1.888923142268     -1.065247142229      0.875021584362
    8      0.002682786042      2.175350007944      0.876919226191
    8      3.744861522595     -4.334029230986      0.876438325102
    8      5.627064606832     -1.079542684447      0.854340007969
    8      3.728483769349      2.148574121868      0.906767034994
    8     18.713679015552      6.519005193295      2.458143030765
    8     -1.904782926397     -1.082424856097      0.907561286983
    8     -3.745815543435      2.143475223042      0.871903207484
    8     14.987947942227      6.439150950145      2.403701450365
  258      0.009626142066     -0.000200811275      0.084995121176
  258     -1.875984918173      3.230374216430      0.062400438736
  258      1.872902367384     -3.221341986803      0.088597673095
  258      3.749075275755     -0.017019015378      0.138147014420
  258      1.860503837843      3.253401315105      0.076709691348
  258      5.613772287108     -3.217359711011      0.122610191754
  258     -3.762078307903     -0.002586966517      0.109700460456
  258     -5.597975775247      3.239844830362      0.077427967266
  258     -1.876651121411     -3.242039231115      0.078322332982
    8     -1.880887566542      1.082161332120     -0.792836230682
    8     -3.733925148977      4.320846987090     -0.795008525165
    8     -0.007615934809     -2.162240219992     -0.789701282461
    8      1.882920588265      1.099457806920     -0.788015272285
    8      0.000627327028      4.327290083625     -0.792656798557
    8      3.742217931971     -2.164107970098     -0.780212519049
    8     -5.618782285974      1.087650936086     -0.783790130790
    8     -7.482718689352      4.319093793472     -0.780262546247
    8     -3.734620351094     -2.163253524916     -0.794837540715
    8      0.000000000000      0.000000000000     -2.343480358560
    8     -1.868659936164      3.243310514353     -2.343480358560
    8      1.868659936169     -3.243310514348     -2.343480358560
    8      3.739640190940      0.001373741195     -2.343480358560
    8      1.870980254770      3.244684255554     -2.343480358560
    8      5.608300127118     -3.241936773152     -2.343480358560
    8     -3.739640190940     -0.001373741205     -2.343480358560
    8     -5.608300127118      3.241936773152     -2.343480358560
    8     -1.870980254775     -3.244684255549     -2.343480358560
  258     -1.869433375702      1.080645591050     -3.124640478080
  258     -3.738093311861      4.323956105408     -3.124640478080
  258     -0.000773439534     -2.162664923300     -3.124640478080
  258      1.870206815237      1.082019332250     -3.124640478080
  258      0.001546879071      4.325329846604     -3.124640478080
  258      3.738866751405     -2.161291182102     -3.124640478080
  258     -5.609073566684      1.079271849836     -3.124640478080
  258     -7.477733502808      4.322582364211     -3.124640478080
  258     -3.740413630477     -2.164038664503     -3.124640478080
    8      1.869433375702     -1.080645591050     -3.905800597599
    8      0.000773439534      2.162664923300     -3.905800597599
    8      3.738093311861     -4.323956105408     -3.905800597599
    8      5.609073566684     -1.079271849836     -3.905800597599
    8      3.740413630481      2.164038664504     -3.905800597599
    8      7.477733502808     -4.322582364211     -3.905800597599
    8     -1.870206815237     -1.082019332250     -3.905800597599
    8     -3.738866751408      2.161291182101     -3.905800597599
    8     -0.001546879072     -4.325329846605     -3.905800597599
    8     -3.822337649897      2.148578272096      5.984457716187
    1     -2.878228614207      2.196739583994      6.239986229118
    8      1.955450350835      2.368900154497      6.623799203991
    1      2.119045592158      3.316176414219      6.416647249154
    1      1.889980687654      1.893873500693      5.733402200994
    1     -4.122824254638      1.162721923198      6.028934110107
    8     -7.537478578302      0.292804023454      7.554357908550
    1     -6.790245322800      0.004968611465      6.944264728381
    1      3.321584868415      1.150073736194      7.220366501255
    1      7.557111827379     -3.645320455564      6.468472967229
    8      7.318955014781     -4.510415413389      5.991141724144
    8     -0.346544370998     -2.644978522827      6.778653004374
    1     -0.328442729226     -2.434462604555      5.784540381883
    1     -0.256811313506     -3.632566275729      6.785163276138
    8      3.753319751932     -2.348599270264      4.440586753339
    1      3.447441540955     -2.224408758024      5.362440441453
    8      2.007662280675     -1.304078185695      6.153677456232
    1      2.502440863269     -0.697849957998      6.770908163006
    1      1.239697402102     -1.735076899324      6.595155649613
    1      6.349280895803     -4.604876862130      5.975378047634
    1     -6.591487057716      4.194568722936      5.744124295504
    8     -5.907654818188      4.314273921743      6.454138589290
    1     -5.172297804673      3.695213357694      6.251158282320
    8     -3.176915736614     -2.293442131851      7.243450619326
    1     -2.211172215306     -2.305820918230      7.049422243861
    1     -3.597236757759     -1.570607885459      6.665513223908
    8     -0.879366570093      3.130771754506      6.698459770699
    1     -0.001452919763      2.705520906413      6.818375732260
    1     -0.763976535275      3.614506136736      5.843582387300
    8      1.247066307079      9.362368827735      5.808522851904
    8     -0.135372879037      8.834769636210      5.921505320191
    0    0
