   2   1   1 E -1.7734909074584E+04 DE-2.4E-07(  9)
  0.112189525845E+02  0.456450057282E-02  0.000000000000E+00
 -0.560561128460E+01  0.972976684642E+01  0.000000000000E+00
  0.000000000000E+00  0.000000000000E+00  0.500000000000E+03
    1
  0.100000000000E+01  0.000000000000E+00  0.000000000000E+00
  0.000000000000E+00  0.100000000000E+01  0.000000000000E+00
  0.000000000000E+00  0.000000000000E+00  0.100000000000E+01
  0.000000000000E+00  0.000000000000E+00  0.000000000000E+00
  111
    8     -1.810955289060      1.074226837525      4.119533374675
    8     13.067102336381      5.434611334960      0.883016597287
    8     16.852653350988      5.428193758718      0.849987631752
    8      1.833620779677      1.245843569732      4.221633057487
    8     11.077012076303      4.264778862114      4.223734487266
    8     -5.690980373496      1.292739822285      4.098534556896
    8     13.059663188233      3.304859343548      2.448308454442
    8     11.180965653229      6.501667384476      2.551136534006
  258      1.837650944401     -1.044236827798      3.425648632112
  258     -0.029464409693      2.150428082027      3.271173310819
  258      3.729315472671     -4.377898096806      3.231701499758
  258      5.695542609836     -1.001633022065      3.696214242822
  258      3.741398507965      2.175138482305      3.247713442737
  258      7.485790508920     -4.321669537579      3.354266951629
  258     -1.881236445883     -1.077083701887      3.269901297448
  258     -3.748045166977      2.180981966513      3.375216064665
  258      0.010132300699     -4.322067032564      3.243467301297
    8     -0.006918186933      0.002894965157      2.455816903941
    8     -1.893378891163      3.217456539765      2.419320828167
    8     18.725357967403      4.383626914267      4.091177421411
    8      3.781267111805     -0.052883582667      2.586754684103
    8     15.024415894276      4.300579750622      4.150491224884
    8     16.855878011134      3.302466797148      2.395652009390
    8     -3.771099752006      0.026405337568      2.558094764254
    8     16.690462729157      7.525214347122      4.208726472692
    8     13.219899509660      7.461361630064      4.060819229133
    8      1.887142085409     -1.064489564144      0.874613479258
    8      0.002549178038      2.174454032156      0.876418161322
    8      3.744357589198     -4.333645162225      0.876514886691
    8      5.627373087826     -1.078381526942      0.853672178321
    8      3.728689814029      2.148814501802      0.906522239496
    8     18.713939089421      6.518417725457      2.457706728281
    8     -1.903542903359     -1.081232968848      0.907303275356
    8     -3.744954109796      2.143934330648      0.871199082193
    8     14.987253282579      6.440882072545      2.402776091135
  258      0.010262433954     -0.000073390633      0.085994557508
  258     -1.876196325931      3.230577373843      0.062263686562
  258      1.872448154102     -3.220595816277      0.088136074029
  258      3.749184336774     -0.016533263854      0.138259939937
  258      1.859984567205      3.253984727868      0.077373563895
  258      5.612942548848     -3.216921595777      0.123236092023
  258     -3.761961344467     -0.002025514892      0.110050447942
  258     -5.598133999337      3.239846160915      0.076274221784
  258     -1.877999860986     -3.242121958486      0.078341526760
    8     -1.879894191447      1.081539381394     -0.792910449118
    8     -3.733588749232      4.320850538837     -0.795033934052
    8     -0.009136094000     -2.160575111979     -0.789327013994
    8      1.881519057597      1.098914599805     -0.787857127420
    8      0.000672942470      4.327710001471     -0.792379592896
    8      3.741432354834     -2.163755229616     -0.779509072363
    8     -5.618728451462      1.087774155972     -0.784661003375
    8     -7.483253085291      4.318682152688     -0.779982445002
    8     -3.734792145304     -2.163214182668     -0.794581791997
    8      0.000000000000      0.000000000000     -2.343480358560
    8     -1.868537094868      3.243255615473     -2.343480358560
    8      1.868537094873     -3.243255615468     -2.343480358560
    8      3.739650861458      0.001521500185     -2.343480358560
    8      1.871113766585      3.244777115664     -2.343480358560
    8      5.608187956340     -3.241734115283     -2.343480358560
    8     -3.739650861458     -0.001521500195     -2.343480358560
    8     -5.608187956340      3.241734115283     -2.343480358560
    8     -1.871113766590     -3.244777115659     -2.343480358560
  258     -1.869395985443      1.080578038427     -3.124640478080
  258     -3.737933080306      4.323833653904     -3.124640478080
  258     -0.000858890571     -2.162677577043     -3.124640478080
  258      1.870254876015      1.082099538617     -3.124640478080
  258      0.001717781145      4.325355154090     -3.124640478080
  258      3.738791970886     -2.161156076855     -3.124640478080
  258     -5.609046846943      1.079056538223     -3.124640478080
  258     -7.477583941771      4.322312153718     -3.124640478080
  258     -3.740509752032     -2.164199077236     -3.124640478080
    8      1.869395985443     -1.080578038427     -3.905800597599
    8      0.000858890571      2.162677577043     -3.905800597599
    8      3.737933080306     -4.323833653904     -3.905800597599
    8      5.609046846943     -1.079056538223     -3.905800597599
    8      3.740509752036      2.164199077237     -3.905800597599
    8      7.477583941771     -4.322312153718     -3.905800597599
    8     -1.870254876015     -1.082099538617     -3.905800597599
    8     -3.738791970890      2.161156076854     -3.905800597599
    8     -0.001717781146     -4.325355154091     -3.905800597599
    8     -3.823337876790      2.148149513001      5.984940738174
    1     -2.879147313470      2.195202200633      6.239296582351
    8      1.969611476547      2.372134273487      6.621592511468
    1      2.132951094467      3.319417727254      6.415076307475
    1      1.897157762281      1.897916434086      5.731029421809
    1     -4.124279306414      1.161465186841      6.027973546129
    8     -7.547099849109      0.296363261366      7.557622745653
    1     -6.798743343621      0.011831111186      6.948533782866
    1      3.309456170929      1.153721209908      7.222820295998
    1      7.560700993009     -3.642802641868      6.468313271513
    8      7.321675788375     -4.507895150908      5.991168361060
    8     -0.348870520019     -2.651088531021      6.777502048775
    1     -0.329218508244     -2.439075136438      5.783921266622
    1     -0.259308509214     -3.638767344846      6.783262387213
    8      3.753435665704     -2.347573555127      4.441637732439
    1      3.450848372989     -2.226028936806      5.364803732945
    8      2.002200937324     -1.304349819833      6.153746855415
    1      2.495394820548     -0.696963749749      6.770959610513
    1      1.234504757330     -1.735878953835      6.595041914479
    1      6.352103435018     -4.603270289089      5.981017131044
    1     -6.591572104129      4.190407911636      5.740805093705
    8     -5.909126748789      4.309977181531      6.452485012650
    1     -5.173588344485      3.690307381917      6.251680207029
    8     -3.176558194686     -2.291871287880      7.243485923247
    1     -2.211235153632     -2.303658380957      7.047107391029
    1     -3.599642860109     -1.569414526869      6.667352396649
    8     -0.866690383314      3.134820489816      6.695328249494
    1      0.010684101495      2.709890048450      6.818486250615
    1     -0.749787397985      3.614398413627      5.837802775173
    8      1.246036670755      9.364289387765      5.809436939227
    8     -0.138001582146      8.839783837383      5.921653573294
    0    0
