   2   1   1 E -1.7734909104938E+04 DE-1.7E-07(  8)
  0.112189403576E+02  0.404617901333E-02  0.000000000000E+00
 -0.560605478685E+01  0.972995214334E+01  0.000000000000E+00
  0.000000000000E+00  0.000000000000E+00  0.500000000000E+03
    1
  0.100000000000E+01  0.000000000000E+00  0.000000000000E+00
  0.000000000000E+00  0.100000000000E+01  0.000000000000E+00
  0.000000000000E+00  0.000000000000E+00  0.100000000000E+01
  0.000000000000E+00  0.000000000000E+00  0.000000000000E+00
  111
    8     -1.809737240110      1.073533023308      4.118260997356
    8     13.067493208407      5.433486467526      0.882885109435
    8     16.853121663624      5.426827946740      0.851091358429
    8      1.834785942994      1.243121469490      4.221009390302
    8     11.075765322718      4.263034325046      4.225195257046
    8     -5.690644742904      1.291491548956      4.098412851797
    8     13.059200437470      3.304224349908      2.449698783422
    8     11.181883597683      6.500637892573      2.552001988576
  258      1.839109815394     -1.044631435974      3.422680170663
  258     -0.028896443299      2.149373290109      3.271590666078
  258      3.730730204987     -4.379048480731      3.231942756369
  258      5.697310203926     -1.003411846824      3.695502123103
  258      3.741842861953      2.174520245664      3.248545489433
  258      7.486025127908     -4.323259719722      3.355049696457
  258     -1.879832345173     -1.078490658212      3.269495428977
  258     -3.748192189766      2.180314434309      3.374094921243
  258      0.011865832956     -4.321498610303      3.244975247653
    8     -0.005029905490      0.001570216609      2.456021775374
    8     -1.892966499726      3.217082418934      2.419230458971
    8     18.726099318160      4.382560677883      4.091303759637
    8      3.780415536531     -0.053368411493      2.586831717947
    8     15.025211037591      4.299617049815      4.150101237825
    8     16.855484223936      3.301504633871      2.396674259917
    8     -3.770698934133      0.025997331699      2.558723378019
    8     16.693034588275      7.524828941779      4.209399472545
    8     13.221755938225      7.459846788621      4.061049190990
    8      1.888936084610     -1.065376773606      0.875149941820
    8      0.002622707080      2.175505375003      0.876826355246
    8      3.744880653191     -4.333743271229      0.876497523591
    8      5.627023060349     -1.079430063293      0.854448984636
    8      3.728540870886      2.148634430323      0.906829526758
    8     18.713658670982      6.518747212847      2.458245821324
    8     -1.904784222587     -1.082354581855      0.907644006964
    8     -3.745805332421      2.143664950214      0.871918682085
    8     14.988041100908      6.439281193895      2.403685250655
  258      0.009614376607     -0.000126884003      0.085060209287
  258     -1.875963691101      3.230516880464      0.062473347874
  258      1.872944620398     -3.221286390690      0.088598099757
  258      3.749141276371     -0.017000331732      0.138124164325
  258      1.860479395641      3.253416301813      0.076793905831
  258      5.613851961450     -3.217384777309      0.122577694368
  258     -3.762100075135     -0.002411820182      0.109789696790
  258     -5.598051541068      3.239956819952      0.077491791192
  258     -1.876648872995     -3.242038379568      0.078353699286
    8     -1.881003241345      1.082192247255     -0.792701737791
    8     -3.733859752194      4.320956850168     -0.795025036682
    8     -0.007716683461     -2.162219015180     -0.789720299240
    8      1.882881150073      1.099351166990     -0.787858630029
    8      0.000537769725      4.327451810273     -0.792584493803
    8      3.742187399169     -2.164027055853     -0.780204083831
    8     -5.618775857660      1.087778732583     -0.783907228519
    8     -7.482745893426      4.319155630018     -0.780251469073
    8     -3.734596647664     -2.163224973204     -0.794721422436
    8      0.000000000000      0.000000000000     -2.343480358560
    8     -1.868684928948      3.243317381113     -2.343480358560
    8      1.868684928953     -3.243317381108     -2.343480358560
    8      3.739646785831      0.001348726332     -2.343480358560
    8      1.870961856877      3.244666107451     -2.343480358560
    8      5.608331714793     -3.241968654776     -2.343480358560
    8     -3.739646785831     -0.001348726342     -2.343480358560
    8     -5.608331714793      3.241968654776     -2.343480358560
    8     -1.870961856882     -3.244666107446     -2.343480358560
  258     -1.869443904927      1.080656218258     -3.124640478080
  258     -3.738128833870      4.323973599376     -3.124640478080
  258     -0.000758975975     -2.162661162852     -3.124640478080
  258      1.870202880903      1.082004944595     -3.124640478080
  258      0.001517951953      4.325322325709     -3.124640478080
  258      3.738887809855     -2.161312436517     -3.124640478080
  258     -5.609090690800      1.079307491908     -3.124640478080
  258     -7.477775619708      4.322624873043     -3.124640478080
  258     -3.740405761809     -2.164009889192     -3.124640478080
    8      1.869443904927     -1.080656218258     -3.905800597599
    8      0.000758975975      2.162661162852     -3.905800597599
    8      3.738128833870     -4.323973599376     -3.905800597599
    8      5.609090690800     -1.079307491908     -3.905800597599
    8      3.740405761813      2.164009889193     -3.905800597599
    8      7.477775619708     -4.322624873043     -3.905800597599
    8     -1.870202880903     -1.082004944595     -3.905800597599
    8     -3.738887809858      2.161312436516     -3.905800597599
    8     -0.001517951954     -4.325322325709     -3.905800597599
    8     -3.822446823246      2.148830335097      5.984548668766
    1     -2.878393902633      2.197460148641      6.240264587269
    8      1.954404096177      2.368780034025      6.623880581242
    1      2.118445077716      3.315936691765      6.416781402131
    1      1.889294334350      1.893771180253      5.733443107034
    1     -4.122522267904      1.162785916900      6.029012557474
    8     -7.538141138184      0.293145854262      7.554144954403
    1     -6.790735940835      0.005262879519      6.944258378654
    1      3.321340676265      1.150503136586      7.220136041398
    1      7.556980334640     -3.645198210226      6.468219274382
    8      7.318996448606     -4.510460319139      5.991119869788
    8     -0.346905417455     -2.645066771435      6.778463985171
    1     -0.328588439893     -2.434322330557      5.784386863845
    1     -0.256747454194     -3.632610780248      6.784884156206
    8      3.753490296636     -2.348251447383      4.440533080560
    1      3.447275006539     -2.224243097373      5.362319994839
    8      2.007112842061     -1.304324958410      6.153251657048
    1      2.501783874668     -0.697988305791      6.770337625993
    1      1.239146120537     -1.735173905534      6.594884713398
    1      6.349288976782     -4.604866190226      5.974859312060
    1     -6.591711563143      4.194497330572      5.744066502780
    8     -5.907720972256      4.314389021788      6.454013218714
    1     -5.172548705539      3.694980959625      6.251113263665
    8     -3.177120735035     -2.293367761924      7.243402568157
    1     -2.211369157147     -2.306343570728      7.049374864802
    1     -3.597092474597     -1.570356389557      6.665522142833
    8     -0.880173670738      3.131101212680      6.698401468627
    1     -0.002379652500      2.705715734662      6.818331686729
    1     -0.764708172442      3.614639295729      5.843372760795
    8      1.247097323137      9.362605669940      5.808338384514
    8     -0.135335938156      8.835076015436      5.921469539778
    0    0
