   2   1   1 E -1.7734909111656E+04 DE-1.3E-07(  7)
  0.112189048055E+02  0.406697244046E-02  0.000000000000E+00
 -0.560601903821E+01  0.973010811697E+01  0.000000000000E+00
  0.000000000000E+00  0.000000000000E+00  0.500000000000E+03
    1
  0.100000000000E+01  0.000000000000E+00  0.000000000000E+00
  0.000000000000E+00  0.100000000000E+01  0.000000000000E+00
  0.000000000000E+00  0.000000000000E+00  0.100000000000E+01
  0.000000000000E+00  0.000000000000E+00  0.000000000000E+00
  111
    8     -1.809934057426      1.073831042414      4.118450884830
    8     13.067712536378      5.433661561882      0.883270361041
    8     16.853206079384      5.426934855566      0.851186412155
    8      1.834697665977      1.242305328494      4.220479748372
    8     11.075866573805      4.262973477099      4.224279987076
    8     -5.691110378922      1.291027496497      4.098188364038
    8     13.059841851788      3.303668805627      2.449400527678
    8     11.181711910044      6.500327313424      2.551038593476
  258      1.838855650158     -1.044727406919      3.420909256930
  258     -0.028964798063      2.149743684091      3.271422022159
  258      3.730646551572     -4.379109478356      3.231482001932
  258      5.697215682276     -1.003287641854      3.694589741943
  258      3.741487829813      2.174250972072      3.248390692506
  258      7.486019978056     -4.323052714658      3.353790412993
  258     -1.879906684727     -1.078340485730      3.269772110740
  258     -3.747983202846      2.180492451476      3.374768591834
  258      0.011738182033     -4.322094598209      3.245754635981
    8     -0.005039600154      0.001636171608      2.456416344242
    8     -1.892932825262      3.216829765166      2.419134393615
    8     18.727010387790      4.382167943296      4.091393766946
    8      3.779879645490     -0.053808421298      2.586916702770
    8     15.024658324673      4.299464579498      4.150515515079
    8     16.855700052407      3.301922541745      2.397093334740
    8     -3.770440388782      0.026157027538      2.558882001590
    8     16.693813532167      7.525880903328      4.209292520001
    8     13.221226426240      7.460182257359      4.060014621175
    8      1.889442616678     -1.066052350908      0.876226022183
    8      0.002608500902      2.176070768292      0.876923548155
    8      3.744290438063     -4.333774375383      0.876464663644
    8      5.626990831205     -1.079208044513      0.855326395780
    8      3.729256903400      2.148360183408      0.907098500735
    8     18.712883560362      6.518695189101      2.459086641698
    8     -1.904977498556     -1.082739173455      0.907972989028
    8     -3.746094843711      2.143607194234      0.872195352090
    8     14.988581130327      6.439202122721      2.404159835595
  258      0.009824051012     -0.000273256618      0.085088730738
  258     -1.876165077633      3.230286895570      0.062290507336
  258      1.872687369644     -3.221398535451      0.088094799339
  258      3.749434331227     -0.016964716379      0.137400479004
  258      1.860401670180      3.253304899840      0.076778393678
  258      5.613669341453     -3.217383024543      0.122675810093
  258     -3.761802494301     -0.002375412791      0.109954190114
  258     -5.598020430554      3.239961026230      0.077399976672
  258     -1.876698293756     -3.242083441222      0.078464784647
    8     -1.881511977801      1.082478904911     -0.792812859569
    8     -3.734003299514      4.320919114818     -0.794840197421
    8     -0.007543621677     -2.162697342137     -0.789565041532
    8      1.883769539714      1.099467010012     -0.787731410861
    8      0.000736863135      4.327802534803     -0.792432434021
    8      3.742153921895     -2.163939385866     -0.780122330341
    8     -5.618758345442      1.087482018734     -0.784049912417
    8     -7.482812323380      4.319024867263     -0.780050668581
    8     -3.734887236153     -2.163180377948     -0.794593353403
    8      0.000000000000      0.000000000000     -2.343480358560
    8     -1.868673012735      3.243369372321     -2.343480358560
    8      1.868673012740     -3.243369372316     -2.343480358560
    8      3.739634935121      0.001355657474     -2.343480358560
    8      1.870961922380      3.244725029801     -2.343480358560
    8      5.608307947869     -3.242013714842     -2.343480358560
    8     -3.739634935121     -0.001355657484     -2.343480358560
    8     -5.608307947869      3.242013714842     -2.343480358560
    8     -1.870961922385     -3.244725029796     -2.343480358560
  258     -1.869435982619      1.080671238280     -3.124640478080
  258     -3.738108995349      4.324040610606     -3.124640478080
  258     -0.000762969880     -2.162698134039     -3.124640478080
  258      1.870198952501      1.082026895759     -3.124640478080
  258      0.001525939764      4.325396268081     -3.124640478080
  258      3.738871965240     -2.161342476561     -3.124640478080
  258     -5.609070917782      1.079315580787     -3.124640478080
  258     -7.477743930477      4.322684953130     -3.124640478080
  258     -3.740397905004     -2.164053791521     -3.124640478080
    8      1.869435982619     -1.080671238280     -3.905800597599
    8      0.000762969880      2.162698134039     -3.905800597599
    8      3.738108995349     -4.324040610606     -3.905800597599
    8      5.609070917782     -1.079315580787     -3.905800597599
    8      3.740397905008      2.164053791522     -3.905800597599
    8      7.477743930477     -4.322684953130     -3.905800597599
    8     -1.870198952501     -1.082026895759     -3.905800597599
    8     -3.738871965243      2.161342476560     -3.905800597599
    8     -0.001525939765     -4.325396268082     -3.905800597599
    8     -3.824369094021      2.148966721713      5.985486245743
    1     -2.880587209975      2.197823626689      6.241854198498
    8      1.956326794055      2.371533954434      6.623166793130
    1      2.119486921138      3.318381975824      6.413717027595
    1      1.890726636614      1.894079106274      5.734323365647
    1     -4.123902959726      1.162194107693      6.028732095956
    8     -7.536969575988      0.292800259638      7.548742546655
    1     -6.788268323036      0.003134407716      6.941046607752
    1      3.327659319996      1.152331236490      7.215370914869
    1      7.556665548356     -3.642504483735      6.465184701319
    8      7.318228069122     -4.508582282505      5.989791345571
    8     -0.346312789858     -2.645598571446      6.778446961264
    1     -0.327386089524     -2.434441901837      5.784467811835
    1     -0.255689349684     -3.633096879309      6.784442643380
    8      3.753545636753     -2.347680848715      4.439808656234
    1      3.446234012371     -2.223175709160      5.361245989251
    8      2.007996008153     -1.303383166668      6.150996864784
    1      2.502219968652     -0.695083971641      6.767036496410
    1      1.240184628371     -1.733772619133      6.593056316508
    1      6.348606315189     -4.602863917057      5.974128442373
    1     -6.590877798749      4.194010914086      5.742091534283
    8     -5.906177912813      4.315174000930      6.451153795020
    1     -5.172877981409      3.692162138675      6.251775391823
    8     -3.175726529296     -2.293000036285      7.242632191232
    1     -2.209456580881     -2.308846829391      7.050619019365
    1     -3.590918323320     -1.567645160176      6.664219127538
    8     -0.878909072426      3.132599847937      6.699549873795
    1     -0.000530261100      2.708210410015      6.818941738703
    1     -0.765036992930      3.614740936377      5.843648668890
    8      1.249384414948      9.363860402477      5.807604162209
    8     -0.132037888799      8.833636730622      5.921119110044
    0    0
