   2   1   1 E -1.7734909067009E+04 DE-6.6E-07(  9)
  0.112190338909E+02  0.460666195115E-02  0.000000000000E+00
 -0.560561529861E+01  0.972965320599E+01  0.000000000000E+00
  0.000000000000E+00  0.000000000000E+00  0.500000000000E+03
    1
  0.100000000000E+01  0.000000000000E+00  0.000000000000E+00
  0.000000000000E+00  0.100000000000E+01  0.000000000000E+00
  0.000000000000E+00  0.000000000000E+00  0.100000000000E+01
  0.000000000000E+00  0.000000000000E+00  0.000000000000E+00
  111
    8     -1.810883956150      1.074507047988      4.119860463141
    8     13.067225799557      5.434563771235      0.882984997551
    8     16.852778950635      5.428054220002      0.849691826513
    8      1.833499397789      1.246307928673      4.222002549779
    8     11.077679279652      4.265031708322      4.223812620730
    8     -5.690972886086      1.292775664412      4.098428257800
    8     13.059795708136      3.304833500731      2.448145552316
    8     11.180919126216      6.501637400248      2.551215556492
  258      1.837427451781     -1.043978940931      3.425646838251
  258     -0.029387055183      2.150718427856      3.271305171014
  258      3.729258706795     -4.377517778455      3.231738484448
  258      5.695595771817     -1.001303527151      3.696309214110
  258      3.741431704338      2.175150976351      3.247654318036
  258      7.486071335401     -4.321551924727      3.354336026777
  258     -1.881406124427     -1.076786019568      3.269953260246
  258     -3.748066429540      2.181084188277      3.375331963174
  258      0.010006848582     -4.322174010246      3.243319133421
    8     -0.007068593948      0.003355783273      2.455731939329
    8     -1.893391034832      3.217742992053      2.419347346724
    8     18.725618624479      4.383761842014      4.091276994308
    8      3.781289035040     -0.052775596740      2.586693861922
    8     15.024665014263      4.300455309792      4.150561090686
    8     16.856161337330      3.302632623119      2.395659870046
    8     -3.770902780138      0.026641025755      2.557947144601
    8     16.690092849061      7.525366326819      4.208421478457
    8     13.219668567261      7.461217944994      4.060723371421
    8      1.886926015363     -1.064401311961      0.874576391893
    8      0.002542903885      2.174411750023      0.876193328187
    8      3.744455410589     -4.333314482435      0.876517139382
    8      5.627467920202     -1.078137166336      0.853633498535
    8      3.728758876685      2.148827432385      0.906341411100
    8     18.714319642108      6.518224529130      2.457713133708
    8     -1.903441914891     -1.081003842492      0.907188881175
    8     -3.744818399118      2.144115368883      0.871040014671
    8     14.987512999765      6.441197222760      2.402682100225
  258      0.010305443476     -0.000005695218      0.086039961036
  258     -1.876122635598      3.230724258838      0.062208863113
  258      1.872510552861     -3.220479063751      0.088069654918
  258      3.749319915996     -0.016433571601      0.138257645778
  258      1.859959719019      3.254049096250      0.077466778150
  258      5.612945627842     -3.216803919847      0.123268297062
  258     -3.761965535266     -0.001890190941      0.110120848317
  258     -5.598208268664      3.239882348407      0.076118559948
  258     -1.878062950077     -3.242150961488      0.078329155435
    8     -1.879735452133      1.081452553219     -0.792908909600
    8     -3.733369142203      4.320921115305     -0.795220580662
    8     -0.009283884456     -2.160258585228     -0.789250882561
    8      1.881255843011      1.098733314056     -0.787739874465
    8      0.000584478676      4.327842735387     -0.792327241725
    8      3.741381823688     -2.163616014416     -0.779467233112
    8     -5.618716466839      1.087910716189     -0.784849798245
    8     -7.483391304561      4.318620724624     -0.780016630026
    8     -3.734744896504     -2.163215757237     -0.794501828814
    8      0.000000000000      0.000000000000     -2.343480358560
    8     -1.868538432871      3.243217735328     -2.343480358560
    8      1.868538432876     -3.243217735323     -2.343480358560
    8      3.739677963592      0.001535553978     -2.343480358560
    8      1.871139530715      3.244753289312     -2.343480358560
    8      5.608216396476     -3.241682181345     -2.343480358560
    8     -3.739677963592     -0.001535553988     -2.343480358560
    8     -5.608216396476      3.241682181345     -2.343480358560
    8     -1.871139530720     -3.244753289307     -2.343480358560
  258     -1.869405465488      1.080560727114     -3.124640478080
  258     -3.737943898354      4.323778462447     -3.124640478080
  258     -0.000867032613     -2.162657008211     -3.124640478080
  258      1.870272498103      1.082096281097     -3.124640478080
  258      0.001734065230      4.325314016426     -3.124640478080
  258      3.738810930978     -2.161121454230     -3.124640478080
  258     -5.609083429122      1.079025173118     -3.124640478080
  258     -7.477621861953      4.322242908468     -3.124640478080
  258     -3.740544996208     -2.164192562197     -3.124640478080
    8      1.869405465488     -1.080560727114     -3.905800597599
    8      0.000867032613      2.162657008211     -3.905800597599
    8      3.737943898354     -4.323778462447     -3.905800597599
    8      5.609083429122     -1.079025173118     -3.905800597599
    8      3.740544996212      2.164192562198     -3.905800597599
    8      7.477621861953     -4.322242908468     -3.905800597599
    8     -1.870272498103     -1.082096281097     -3.905800597599
    8     -3.738810930981      2.161121454229     -3.905800597599
    8     -0.001734065231     -4.325314016427     -3.905800597599
    8     -3.822814656634      2.148637810773      5.984785503701
    1     -2.878536789458      2.196305192732      6.238657949189
    8      1.971852069404      2.373203572832      6.621314835904
    1      2.135125288544      3.320533046321      6.414900287799
    1      1.898554166420      1.898995867494      5.730718538869
    1     -4.123047089182      1.161619576207      6.027761306795
    8     -7.547274175781      0.297245601435      7.558497846771
    1     -6.798977497584      0.013327821928      6.949493740396
    1      3.309204167690      1.154779973651      7.223690700489
    1      7.561568560075     -3.642326178042      6.468021838538
    8      7.322348530721     -4.507501815544      5.991108757342
    8     -0.349151949067     -2.651345124299      6.777091446458
    1     -0.329289634120     -2.439221787172      5.783637413198
    1     -0.259188175338     -3.638990126043      6.782666987189
    8      3.754041982057     -2.347212962725      4.441767198136
    1      3.451481234390     -2.226458246403      5.364943895646
    8      2.001421947049     -1.304588780640      6.152921230783
    1      2.494488301795     -0.696827103590      6.769711713695
    1      1.233708777991     -1.735906675891      6.594531221571
    1      6.352656537988     -4.602789391009      5.981489890598
    1     -6.591166919459      4.189848980317      5.740132373867
    8     -5.908414405947      4.309829548592      6.451369683837
    1     -5.172877478082      3.689970165757      6.250881728042
    8     -3.176183655265     -2.291190911252      7.243433327076
    1     -2.210954760963     -2.303292722018      7.046810283358
    1     -3.599420294033     -1.568681371749      6.667580704035
    8     -0.864492276345      3.134974299030      6.695424602676
    1      0.013047529962      2.710393560146      6.818583646253
    1     -0.747794517836      3.614019660263      5.837465692472
    8      1.246891806168      9.364928308653      5.809234440957
    8     -0.137247408653      8.840639903152      5.921844496670
    0    0
