   2   1   1 E -1.7734909097556E+04 DE-9.3E-07( 10)
  0.112189343309E+02  0.418303976222E-02  0.000000000000E+00
 -0.560593309934E+01  0.973000763168E+01  0.000000000000E+00
  0.000000000000E+00  0.000000000000E+00  0.500000000000E+03
    1
  0.100000000000E+01  0.000000000000E+00  0.000000000000E+00
  0.000000000000E+00  0.100000000000E+01  0.000000000000E+00
  0.000000000000E+00  0.000000000000E+00  0.100000000000E+01
  0.000000000000E+00  0.000000000000E+00  0.000000000000E+00
  111
    8     -1.810032286997      1.072857067897      4.117911378041
    8     13.067410398006      5.433836317049      0.882992803639
    8     16.853219213680      5.427110428247      0.851296892834
    8      1.835014915061      1.242979551814      4.220585931871
    8     11.075134981016      4.262795090959      4.225175248472
    8     -5.690695240837      1.291460301142      4.098626725797
    8     13.059334869608      3.304510038356      2.449881703817
    8     11.181835452793      6.500942021354      2.552074643497
  258      1.839144237638     -1.045068116086      3.423520578154
  258     -0.028796839419      2.148998311810      3.271468549124
  258      3.730655296956     -4.379609002376      3.231887413663
  258      5.697058773593     -1.003721774946      3.695511132642
  258      3.742037483540      2.174487380318      3.248514570672
  258      7.485696985125     -4.323176196807      3.355086698116
  258     -1.879823813972     -1.078870767858      3.269444173276
  258     -3.748292982554      2.180034997886      3.374027017912
  258      0.011996576494     -4.321426225872      3.244846290245
    8     -0.004944344478      0.000998277165      2.456186252282
    8     -1.892842276482      3.216500648474      2.419323335769
    8     18.725868187331      4.382574125922      4.091190889973
    8      3.780639829315     -0.053795045223      2.586971821778
    8     15.025363626755      4.300032473224      4.150094749971
    8     16.855339367313      3.301448903400      2.396428188026
    8     -3.771242819559      0.025532889328      2.558873451631
    8     16.693695506639      7.524684679676      4.209495257336
    8     13.222222675868      7.460267710179      4.061271228047
    8      1.889011722812     -1.065198692855      0.875002225011
    8      0.002720827863      2.175329510481      0.877220671656
    8      3.744743654616     -4.334369410048      0.876481591723
    8      5.627068999946     -1.079636735306      0.854297769491
    8      3.728468989858      2.148518193542      0.906922003638
    8     18.713600405517      6.519311802957      2.458066833304
    8     -1.904845167213     -1.082502101643      0.907649104104
    8     -3.745864151021      2.143310703084      0.872013723108
    8     14.987821249132      6.439059316544      2.403709164076
  258      0.009660311652     -0.000267842403      0.085017093584
  258     -1.876077376851      3.230218229873      0.062397348595
  258      1.872809291875     -3.221390549526      0.088609801386
  258      3.748972671572     -0.017038053919      0.138190573079
  258      1.860492475445      3.253428093784      0.076730015899
  258      5.613665982981     -3.217379809310      0.122726828839
  258     -3.762090708514     -0.002727711033      0.109666918966
  258     -5.597941256301      3.239747006563      0.077393650114
  258     -1.876747706768     -3.242035629504      0.078326098622
    8     -1.880936871135      1.082217151913     -0.792909050286
    8     -3.734069819585      4.320764751596     -0.794856925216
    8     -0.007591629306     -2.162414544796     -0.789625637157
    8      1.883103994589      1.099644397119     -0.788146997368
    8      0.000736953751      4.327184729252     -0.792650974768
    8      3.742194924650     -2.164223230498     -0.780127589497
    8     -5.618844459585      1.087512081604     -0.783636062005
    8     -7.482737256593      4.319040941368     -0.780141460625
    8     -3.734716916261     -2.163277457441     -0.794890768845
    8      0.000000000000      0.000000000000     -2.343480358560
    8     -1.868644366446      3.243335877225     -2.343480358560
    8      1.868644366451     -3.243335877220     -2.343480358560
    8      3.739644776944      0.001394346582     -2.343480358560
    8      1.871000410492      3.244730223813     -2.343480358560
    8      5.608289143403     -3.241941530639     -2.343480358560
    8     -3.739644776944     -0.001394346592     -2.343480358560
    8     -5.608289143403      3.241941530639     -2.343480358560
    8     -1.871000410496     -3.244730223808     -2.343480358560
  258     -1.869429714464      1.080647176879     -3.124640478080
  258     -3.738074080905      4.323983054109     -3.124640478080
  258     -0.000785348014     -2.162688700344     -3.124640478080
  258      1.870215062479      1.082041523465     -3.124640478080
  258      0.001570696031      4.325377400692     -3.124640478080
  258      3.738859428929     -2.161294353759     -3.124640478080
  258     -5.609074491449      1.079252830279     -3.124640478080
  258     -7.477718857856      4.322588707526     -3.124640478080
  258     -3.740430124961     -2.164083046933     -3.124640478080
    8      1.869429714464     -1.080647176879     -3.905800597599
    8      0.000785348014      2.162688700344     -3.905800597599
    8      3.738074080905     -4.323983054109     -3.905800597599
    8      5.609074491449     -1.079252830279     -3.905800597599
    8      3.740430124965      2.164083046934     -3.905800597599
    8      7.477718857856     -4.322588707526     -3.905800597599
    8     -1.870215062479     -1.082041523465     -3.905800597599
    8     -3.738859428932      2.161294353758     -3.905800597599
    8     -0.001570696032     -4.325377400692     -3.905800597599
    8     -3.822422253475      2.148379685346      5.984382940136
    1     -2.878257789801      2.195581637074      6.239928168639
    8      1.956964931446      2.368953469994      6.623737753173
    1      2.120423268010      3.316338464608      6.416373235146
    1      1.890821694856      1.893737487052      5.733513977505
    1     -4.123851076206      1.162834450676      6.028926074805
    8     -7.537093254330      0.291624553771      7.553851145198
    1     -6.789898138100      0.003990902933      6.943438269387
    1      3.321787495292      1.148963614933      7.220053246073
    1      7.557396340950     -3.645399186092      6.468652765904
    8      7.319065332434     -4.510306473409      5.990942520666
    8     -0.345989340679     -2.644973835169      6.778718382409
    1     -0.328097734102     -2.434739458473      5.784560146279
    1     -0.256817316335     -3.632611036261      6.785471717619
    8      3.753180608843     -2.348958087094      4.440648203192
    1      3.447535204047     -2.224145618034      5.362495780367
    8      2.008070048370     -1.303147142863      6.152926172984
    1      2.503523669288     -0.697356427781      6.770465734177
    1      1.240335181088     -1.734518813059      6.594552086706
    1      6.349512342095     -4.604962013458      5.975754760295
    1     -6.591364381845      4.194643256774      5.744318180304
    8     -5.907895594866      4.314080486830      6.454663371646
    1     -5.171943118653      3.695694087656      6.251576545319
    8     -3.176668167085     -2.293515888855      7.243086450678
    1     -2.210872682261     -2.305213931414      7.049113686689
    1     -3.597362146009     -1.570759440856      6.665228195439
    8     -0.878696369320      3.130468407736      6.698540323696
    1     -0.000740945300      2.705133381161      6.818468027117
    1     -0.763311475423      3.614363805052      5.843769065029
    8      1.246537440530      9.362428575412      5.808988625003
    8     -0.135808247149      8.834527838070      5.921457616088
    0    0
