   2   1   1 E -1.7734909059122E+04 DE-2.0E-06(  6)
  0.112191119134E+02  0.463888287386E-02  0.000000000000E+00
 -0.560562635367E+01  0.972968822401E+01  0.000000000000E+00
  0.000000000000E+00  0.000000000000E+00  0.500000000000E+03
    1
  0.100000000000E+01  0.000000000000E+00  0.000000000000E+00
  0.000000000000E+00  0.100000000000E+01  0.000000000000E+00
  0.000000000000E+00  0.000000000000E+00  0.100000000000E+01
  0.000000000000E+00  0.000000000000E+00  0.000000000000E+00
  111
    8     -1.810768323050      1.074649696978      4.120028596990
    8     13.067353265742      5.434445265847      0.882869756197
    8     16.852854148388      5.427990485895      0.849464925442
    8      1.833378706194      1.246589103440      4.222384493934
    8     11.078118045229      4.265098511854      4.223688420829
    8     -5.690848238862      1.292646771300      4.098189557053
    8     13.059815518093      3.304656779350      2.447920334605
    8     11.180914451493      6.501563514733      2.551148373886
  258      1.837320395970     -1.043921437637      3.425734307311
  258     -0.029310803869      2.150839971490      3.271421876072
  258      3.729190709488     -4.377409408322      3.231742855114
  258      5.695672357844     -1.001185928299      3.696424708132
  258      3.741436457148      2.175027383337      3.247608794094
  258      7.486291274103     -4.321619144014      3.354353328533
  258     -1.881433524077     -1.076746467101      3.270037423955
  258     -3.748114393617      2.181011971845      3.375422795477
  258      0.009949492225     -4.322411668909      3.243434022442
    8     -0.007238615896      0.003689238179      2.455509856140
    8     -1.893367996820      3.217866811373      2.419274281434
    8     18.725944259975      4.383684323537      4.091290670604
    8      3.781261306226     -0.052673861419      2.586529903908
    8     15.024792079698      4.300249728319      4.150499224269
    8     16.856299143736      3.302786139036      2.395674198079
    8     -3.770661032759      0.026712316583      2.557760414597
    8     16.689711076527      7.525347700906      4.208339024604
    8     13.219546100130      7.461071865352      4.060604814075
    8      1.886642445788     -1.064417723342      0.874440907751
    8      0.002470357167      2.174265315289      0.875870991296
    8      3.744512294509     -4.333172523900      0.876430271269
    8      5.627507516088     -1.078060641295      0.853484440404
    8      3.728761781098      2.148778882565      0.906092016402
    8     18.714498258770      6.518012560057      2.457745345323
    8     -1.903358087336     -1.080957873147      0.906975913585
    8     -3.744832346042      2.144219196430      0.870838641529
    8     14.987742398161      6.441466791574      2.402677996694
  258      0.010312153410     -0.000029509450      0.086117604887
  258     -1.876125208303      3.230850462925      0.062176017155
  258      1.872534205028     -3.220485651318      0.088071922761
  258      3.749428228482     -0.016434256741      0.138276437409
  258      1.859964036977      3.254054986359      0.077509483893
  258      5.612935191930     -3.216778378744      0.123236444504
  258     -3.762001205781     -0.001831942707      0.110174438634
  258     -5.598301758583      3.239912932625      0.076066016215
  258     -1.878087546664     -3.242284110721      0.078339943366
    8     -1.879516621490      1.081290046290     -0.792871328396
    8     -3.733259609711      4.320993831654     -0.795378901891
    8     -0.009358672447     -2.159961188231     -0.789342797527
    8      1.880984850927      1.098513813507     -0.787629661307
    8      0.000496547051      4.327916298216     -0.792312130902
    8      3.741350754383     -2.163519565708     -0.779508678988
    8     -5.618744003822      1.088026752918     -0.784958588524
    8     -7.483456821576      4.318589903512     -0.780125187536
    8     -3.734673452120     -2.163252699101     -0.794464390631
    8      0.000000000000      0.000000000000     -2.343480358560
    8     -1.868542117890      3.243229408003     -2.343480358560
    8      1.868542117895     -3.243229407998     -2.343480358560
    8      3.739703971094      0.001546294285     -2.343480358560
    8      1.871161853198      3.244775702295     -2.343480358560
    8      5.608246088998     -3.241683113713     -2.343480358560
    8     -3.739703971094     -0.001546294295     -2.343480358560
    8     -5.608246088998      3.241683113713     -2.343480358560
    8     -1.871161853203     -3.244775702290     -2.343480358560
  258     -1.869415362995      1.080561037903     -3.124640478080
  258     -3.737957480881      4.323790445912     -3.124640478080
  258     -0.000873245101     -2.162668370097     -3.124640478080
  258      1.870288608097      1.082107332194     -3.124640478080
  258      0.001746490205      4.325336740198     -3.124640478080
  258      3.738830725992     -2.161122075809     -3.124640478080
  258     -5.609119334131      1.079014743600     -3.124640478080
  258     -7.477661451981      4.322244151625     -3.124640478080
  258     -3.740577216198     -2.164214664390     -3.124640478080
    8      1.869415362995     -1.080561037903     -3.905800597599
    8      0.000873245101      2.162668370097     -3.905800597599
    8      3.737957480881     -4.323790445912     -3.905800597599
    8      5.609119334131     -1.079014743600     -3.905800597599
    8      3.740577216202      2.164214664391     -3.905800597599
    8      7.477661451981     -4.322244151625     -3.905800597599
    8     -1.870288608097     -1.082107332194     -3.905800597599
    8     -3.738830725995      2.161122075808     -3.905800597599
    8     -0.001746490206     -4.325336740199     -3.905800597599
    8     -3.822824721587      2.148722432152      5.984948196865
    1     -2.878439531949      2.197023431504      6.238631767020
    8      1.972268078383      2.373366546120      6.621253837597
    1      2.135249245477      3.320839415113      6.415247203299
    1      1.898947239468      1.899538242296      5.730361937384
    1     -4.122272188506      1.161407219661      6.027782075955
    8     -7.547581981238      0.297884648900      7.559038307906
    1     -6.799471834763      0.014393436032      6.950176616892
    1      3.308419514629      1.155225397146      7.224077200448
    1      7.561826433255     -3.642235358951      6.467754107047
    8      7.322543821525     -4.507707750599      5.991380929035
    8     -0.349606049052     -2.651464524691      6.777015150546
    1     -0.329552361227     -2.439356036037      5.783585462846
    1     -0.259145786452     -3.639079989656      6.782525211891
    8      3.754533648212     -2.347250914506      4.441956251544
    1      3.451806530124     -2.226914642811      5.365078744228
    8      2.001252770575     -1.305616962813      6.152826427270
    1      2.493716709946     -0.696890783278      6.768967182186
    1      1.233165373904     -1.736141816648      6.594704871660
    1      6.352805167707     -4.602686139555      5.981617997663
    1     -6.591188518868      4.189592396655      5.739761667485
    8     -5.908226609374      4.310006954202      6.450813581229
    1     -5.172973630735      3.689440743671      6.250763252196
    8     -3.176169883211     -2.290893343271      7.243824144452
    1     -2.210976886680     -2.303288873818      7.046959030301
    1     -3.599589606935     -1.568444410539      6.667944853159
    8     -0.864283564170      3.135465275234      6.695152892485
    1      0.013037672182      2.710395140653      6.818387482898
    1     -0.747387538729      3.614083382611      5.836928039681
    8      1.247410071002      9.364919465467      5.809133532221
    8     -0.136791399327      8.840988216710      5.921824441804
    0    0
