   2   1   1 E -1.7734909091569E+04 DE-2.4E-07( 14)
  0.112187155924E+02  0.440273601866E-02  0.000000000000E+00
 -0.560563322965E+01  0.972993110065E+01  0.000000000000E+00
  0.000000000000E+00  0.000000000000E+00  0.500000000000E+03
    1
  0.100000000000E+01  0.000000000000E+00  0.000000000000E+00
  0.000000000000E+00  0.100000000000E+01  0.000000000000E+00
  0.000000000000E+00  0.000000000000E+00  0.100000000000E+01
  0.000000000000E+00  0.000000000000E+00  0.000000000000E+00
  111
    8     -1.810939473578      1.072752511663      4.118217167347
    8     13.066847855476      5.434296736664      0.883002008978
    8     16.852508821933      5.427813950363      0.850887082620
    8      1.834283993101      1.243619248601      4.220328555274
    8     11.074908243915      4.263123749973      4.224100489932
    8     -5.691035025279      1.291873420092      4.098770141270
    8     13.059196137693      3.304573675696      2.449035264955
    8     11.181147268987      6.501250725620      2.551274256404
  258      1.838436275376     -1.045332303246      3.424917113968
  258     -0.029447141348      2.149038102769      3.270833628255
  258      3.729779435563     -4.379581117048      3.231548326242
  258      5.695872278846     -1.003299417671      3.695580942363
  258      3.741533722661      2.174602974161      3.247924486451
  258      7.485013751724     -4.322650573333      3.354283558547
  258     -1.880518331863     -1.078598323898      3.269488402492
  258     -3.748191834818      2.180143822068      3.374436879311
  258      0.010945948514     -4.321833821911      3.244037942951
    8     -0.006008062327      0.001035067581      2.455986792244
    8     -1.893162279617      3.216153740316      2.419149205409
    8     18.724861754822      4.382687475023      4.090968387379
    8      3.781020476734     -0.053786686851      2.586858141423
    8     15.024082810944      4.300407431184      4.150040833090
    8     16.854974721567      3.301445951352      2.395775062385
    8     -3.771690885104      0.025331250150      2.558566053741
    8     16.692288352855      7.524474844861      4.209366911312
    8     13.221077980198      7.460916956780      4.061068111981
    8      1.888158325090     -1.064959197659      0.874750923696
    8      0.002592548076      2.174599790093      0.877079303622
    8      3.744208076124     -4.334762871956      0.876407343417
    8      5.627049495198     -1.079435248996      0.853947716164
    8      3.728421747277      2.148513604321      0.906889474649
    8     18.712955142784      6.518931002349      2.457661132889
    8     -1.904268355627     -1.082255481137      0.907556793985
    8     -3.745540507878      2.143104538428      0.871700501188
    8     14.986802210890      6.439347093503      2.403067894792
  258      0.009913560462     -0.000402711456      0.085383111824
  258     -1.876307719183      3.229898014234      0.062250705533
  258      1.872350029501     -3.221201873136      0.088271933624
  258      3.748751695834     -0.016987612585      0.138118469941
  258      1.860146094791      3.253500144907      0.076823249429
  258      5.613095951723     -3.217385944355      0.122916685802
  258     -3.761958325417     -0.002743955317      0.109631361282
  258     -5.597874527697      3.239511406843      0.076764664717
  258     -1.877481695032     -3.242076200566      0.078229998290
    8     -1.880565175475      1.081819814922     -0.793135338686
    8     -3.734161542831      4.320470905540     -0.794740495068
    8     -0.008338439283     -2.161909087062     -0.789511991969
    8      1.882595914773      1.099496729177     -0.788375002722
    8      0.000893334534      4.327090314455     -0.792722972982
    8      3.741781496703     -2.164300281595     -0.779894680063
    8     -5.618771570954      1.087221931467     -0.784015249860
    8     -7.482818491689      4.318732423293     -0.780078597485
    8     -3.734899629065     -2.163312987158     -0.795004904468
    8      0.000000000000      0.000000000000     -2.343480358560
    8     -1.868544409883      3.243310366882     -2.343480358560
    8      1.868544409888     -3.243310366877     -2.343480358560
    8      3.739571864079      0.001467578667     -2.343480358560
    8      1.871027454191      3.244777945555     -2.343480358560
    8      5.608116273975     -3.241842788210     -2.343480358560
    8     -3.739571864079     -0.001467578677     -2.343480358560
    8     -5.608116273975      3.241842788210     -2.343480358560
    8     -1.871027454196     -3.244777945550     -2.343480358560
  258     -1.869372091321      1.080614262736     -3.124640478080
  258     -3.737916501199      4.323924629623     -3.124640478080
  258     -0.000827681435     -2.162696104143     -3.124640478080
  258      1.870199772757      1.082081841408     -3.124640478080
  258      0.001655362872      4.325392208291     -3.124640478080
  258      3.738744182644     -2.161228525473     -3.124640478080
  258     -5.608943955442      1.079146684051     -3.124640478080
  258     -7.477488365285      4.322457050955     -3.124640478080
  258     -3.740399545517     -2.164163682818     -3.124640478080
    8      1.869372091321     -1.080614262736     -3.905800597599
    8      0.000827681435      2.162696104143     -3.905800597599
    8      3.737916501199     -4.323924629623     -3.905800597599
    8      5.608943955442     -1.079146684051     -3.905800597599
    8      3.740399545521      2.164163682819     -3.905800597599
    8      7.477488365285     -4.322457050955     -3.905800597599
    8     -1.870199772757     -1.082081841408     -3.905800597599
    8     -3.738744182647      2.161228525472     -3.905800597599
    8     -0.001655362873     -4.325392208292     -3.905800597599
    8     -3.823866662979      2.147455301910      5.984565521625
    1     -2.879884348144      2.193421713074      6.240091507499
    8      1.961670700197      2.369038645394      6.622662515239
    1      2.124974227586      3.316247986078      6.415143539703
    1      1.892697002044      1.894182012605      5.732421149448
    1     -4.126477682893      1.161883519814      6.028328107443
    8     -7.542955321868      0.292361771934      7.554783001579
    1     -6.794637138101      0.005480687199      6.945192339775
    1      3.314635314035      1.149589017077      7.220430133168
    1      7.557750801335     -3.644626408242      6.468286900927
    8      7.319234488083     -4.509226964266      5.990221179801
    8     -0.347165479233     -2.648602906747      6.778484029727
    1     -0.328657439413     -2.437466759802      5.784506422584
    1     -0.258774590940     -3.636310209943      6.785102887797
    8      3.752375170548     -2.348866190223      4.440627629709
    1      3.448819948894     -2.225034824489      5.363403291341
    8      2.005979148834     -1.303850390160      6.154759825050
    1      2.500269940344     -0.698072008117      6.773191107364
    1      1.238476181554     -1.735967402417      6.595540977366
    1      6.349806781367     -4.604982764886      5.977571816074
    1     -6.592158159064      4.192850774782      5.743101746941
    8     -5.909728940442      4.311170526983      6.454876078648
    1     -5.174049058807      3.692441525084      6.252081198757
    8     -3.177320878447     -2.293906884576      7.242807516774
    1     -2.211649610441     -2.304721992671      7.047879865111
    1     -3.599274913116     -1.571312076475      6.665849457708
    8     -0.873716138339      3.130951930380      6.696365089697
    1      0.004104416829      2.706584773627      6.818354992963
    1     -0.757506566897      3.613686116032      5.840725300381
    8      1.244744811319      9.362688020528      5.809613500858
    8     -0.138348620694      8.836070971019      5.921444524512
    0    0
