   2   1   1 E -1.7734909111109E+04 DE-1.7E-07(  8)
  0.112188749003E+02  0.409985712938E-02  0.000000000000E+00
 -0.560597559670E+01  0.973017062417E+01  0.000000000000E+00
  0.000000000000E+00  0.000000000000E+00  0.500000000000E+03
    1
  0.100000000000E+01  0.000000000000E+00  0.000000000000E+00
  0.000000000000E+00  0.100000000000E+01  0.000000000000E+00
  0.000000000000E+00  0.000000000000E+00  0.100000000000E+01
  0.000000000000E+00  0.000000000000E+00  0.000000000000E+00
  111
    8     -1.809768732925      1.073913511862      4.118446313334
    8     13.067742595335      5.433660920301      0.883264659217
    8     16.853161294380      5.427002447872      0.851150014956
    8      1.834771445969      1.242227442904      4.220484614713
    8     11.075938243885      4.263185679901      4.224333832315
    8     -5.691064144570      1.290990513390      4.098202894995
    8     13.059911802038      3.303609107485      2.449435247689
    8     11.181712714684      6.500300573236      2.550892541321
  258      1.838874065869     -1.044735716732      3.420740452491
  258     -0.028950141395      2.149833709882      3.271434338762
  258      3.730577626962     -4.379092187003      3.231517693898
  258      5.697190431942     -1.003309783030      3.694648713972
  258      3.741529030404      2.174224743305      3.248460487255
  258      7.485995720897     -4.322996635970      3.353770826706
  258     -1.879810630207     -1.078409622661      3.269777238312
  258     -3.747810422690      2.180516902225      3.374887351454
  258      0.011662393676     -4.322231739743      3.245761274723
    8     -0.005009238472      0.001624720679      2.456397080421
    8     -1.892917172684      3.216875171294      2.419263527469
    8     18.726961286242      4.382255296895      4.091519619098
    8      3.779905741516     -0.053783357589      2.586804694470
    8     15.024685361385      4.299680234015      4.150525937299
    8     16.855784973816      3.301872190349      2.397167657115
    8     -3.770319535300      0.026097481051      2.559084582370
    8     16.693727471174      7.526007271559      4.209318308324
    8     13.221159446844      7.460174032243      4.060101653017
    8      1.889406437730     -1.066236558250      0.876349312593
    8      0.002611922116      2.176040334321      0.876942498434
    8      3.744228784403     -4.333816538172      0.876540385198
    8      5.627036772906     -1.079183494107      0.855389908894
    8      3.729358357636      2.148411620516      0.907252687260
    8     18.712658237786      6.518556200471      2.459138488742
    8     -1.904856422855     -1.082738341357      0.908061418042
    8     -3.746015991147      2.143560884344      0.872251462553
    8     14.988587926343      6.439409327834      2.404015907691
  258      0.009857758460     -0.000314172988      0.085161262070
  258     -1.876162451568      3.230273073455      0.062336244097
  258      1.872641697631     -3.221459824331      0.088152021480
  258      3.749469217875     -0.017012681649      0.137443433015
  258      1.860456935941      3.253275505751      0.076881342916
  258      5.613686750685     -3.217474084088      0.122648383248
  258     -3.761756874326     -0.002378451453      0.109964377718
  258     -5.597989117269      3.239896697131      0.077444372347
  258     -1.876757557893     -3.242121649830      0.078461254313
    8     -1.881533583565      1.082402065865     -0.792758892042
    8     -3.733960683209      4.320838901433     -0.794784582131
    8     -0.007672342075     -2.162689004237     -0.789598046788
    8      1.883867465030      1.099426337672     -0.787675779843
    8      0.000764476620      4.327842108691     -0.792383642518
    8      3.742102132689     -2.163964299457     -0.780106104010
    8     -5.618700983086      1.087448787647     -0.784067290735
    8     -7.482776471714      4.318901092072     -0.780039852659
    8     -3.734889002832     -2.163143640729     -0.794562599711
    8      0.000000000000      0.000000000000     -2.343480358560
    8     -1.868658532232      3.243390208054     -2.343480358560
    8      1.868658532237     -3.243390208049     -2.343480358560
    8      3.739624966741      0.001366619037     -2.343480358560
    8      1.870966434503      3.244756827097     -2.343480358560
    8      5.608283498987     -3.242023589012     -2.343480358560
    8     -3.739624966741     -0.001366619047     -2.343480358560
    8     -5.608283498987      3.242023589012     -2.343480358560
    8     -1.870966434508     -3.244756827092     -2.343480358560
  258     -1.869427832992      1.080674529670     -3.124640478080
  258     -3.738086365219      4.324064737729     -3.124640478080
  258     -0.000769300756     -2.162715678382     -3.124640478080
  258      1.870197133748      1.082041148712     -3.124640478080
  258      0.001538601514      4.325431356767     -3.124640478080
  258      3.738855665985     -2.161349059341     -3.124640478080
  258     -5.609052799775      1.079307910614     -3.124640478080
  258     -7.477711331967      4.322698118691     -3.124640478080
  258     -3.740394267500     -2.164082297427     -3.124640478080
    8      1.869427832992     -1.080674529670     -3.905800597599
    8      0.000769300756      2.162715678382     -3.905800597599
    8      3.738086365219     -4.324064737729     -3.905800597599
    8      5.609052799775     -1.079307910614     -3.905800597599
    8      3.740394267504      2.164082297428     -3.905800597599
    8      7.477711331967     -4.322698118691     -3.905800597599
    8     -1.870197133748     -1.082041148712     -3.905800597599
    8     -3.738855665988      2.161349059340     -3.905800597599
    8     -0.001538601515     -4.325431356768     -3.905800597599
    8     -3.824376754309      2.148866552644      5.985343893972
    1     -2.880607214306      2.197572239998      6.241856006727
    8      1.954968523652      2.370850303051      6.623373710755
    1      2.118655972284      3.317646705430      6.413988865152
    1      1.889986834803      1.893316895966      5.734446387443
    1     -4.124234543677      1.162322990515      6.028749380939
    8     -7.536993510020      0.292611360778      7.549012228536
    1     -6.788398556039      0.002844240453      6.941135193920
    1      3.327395510141      1.152020404798      7.215398574469
    1      7.556362495174     -3.643079370442      6.465409055481
    8      7.318168165733     -4.509112988858      5.989786984097
    8     -0.346352463342     -2.645397702048      6.778279873112
    1     -0.327348283987     -2.434257576195      5.784224238858
    1     -0.255752883297     -3.632898701619      6.784266136748
    8      3.753529579515     -2.347610687159      4.439527815170
    1      3.446452080896     -2.222916709767      5.361056630977
    8      2.008349915199     -1.303474410537      6.150927743386
    1      2.502366796788     -0.695358592512      6.767309377129
    1      1.240484502398     -1.734101997759      6.592718373078
    1      6.348579167098     -4.603683013925      5.973682337127
    1     -6.591148325100      4.194214107344      5.742514320791
    8     -5.906413103393      4.315133411898      6.451652312971
    1     -5.173028724023      3.692423511257      6.251880813689
    8     -3.175931497657     -2.293511457313      7.242576557111
    1     -2.209722848795     -2.309188441886      7.050137632097
    1     -3.591482183576     -1.568213459718      6.664344701123
    8     -0.880248250320      3.132219319250      6.699356822658
    1     -0.001831942610      2.707785174677      6.818696004646
    1     -0.766398721139      3.614537163222      5.843599292928
    8      1.249030512036      9.363716236041      5.807827668873
    8     -0.132445056357      8.833638016745      5.921116787133
    0    0
