   2   1   1 E -1.7734909107929E+04 DE-2.7E-07(  8)
  0.112188231428E+02  0.399956626275E-02  0.000000000000E+00
 -0.560603672755E+01  0.973019749970E+01  0.000000000000E+00
  0.000000000000E+00  0.000000000000E+00  0.500000000000E+03
    1
  0.100000000000E+01  0.000000000000E+00  0.000000000000E+00
  0.000000000000E+00  0.100000000000E+01  0.000000000000E+00
  0.000000000000E+00  0.000000000000E+00  0.100000000000E+01
  0.000000000000E+00  0.000000000000E+00  0.000000000000E+00
  111
    8     -1.809724512536      1.074458605645      4.118650432933
    8     13.067421873724      5.433480579991      0.883052695215
    8     16.852743749303      5.427032601298      0.851058446634
    8      1.834291386061      1.242635627667      4.220882904044
    8     11.075861411893      4.263745658041      4.224805958912
    8     -5.691183875082      1.291438053046      4.098199341199
    8     13.059264561849      3.303771619842      2.449541701729
    8     11.181568316371      6.500392254255      2.551149373745
  258      1.838683729063     -1.044353969633      3.420847059797
  258     -0.029480928946      2.150056206522      3.271478373288
  258      3.730197130535     -4.378546294454      3.231846566963
  258      5.696872346626     -1.003133563464      3.695017592094
  258      3.741249744318      2.174521546395      3.248599884981
  258      7.485871991129     -4.322995473757      3.354357190804
  258     -1.880015127646     -1.078131507536      3.269647589717
  258     -3.747946299280      2.180814847636      3.374719941778
  258      0.011131369529     -4.322027203875      3.245317421347
    8     -0.005356902505      0.001894147597      2.456131767629
    8     -1.893453914625      3.217586237892      2.419396796740
    8     18.725946935340      4.382750726178      4.091559171300
    8      3.779776277991     -0.053120585565      2.586663992134
    8     15.024259880163      4.299783003864      4.150488523832
    8     16.855437341553      3.301599332141      2.397197805481
    8     -3.770292160184      0.026412540416      2.559017794802
    8     16.692395463485      7.525765121792      4.209224022835
    8     13.220583812343      7.460004379269      4.060498023200
    8      1.889004910159     -1.066235645193      0.875988418331
    8      0.002375685179      2.176007784920      0.876757266941
    8      3.744311749535     -4.333365755346      0.876691918724
    8      5.626799142292     -1.079120915206      0.855061424509
    8      3.728950686279      2.148756354351      0.907383586126
    8     18.712507167653      6.518130997400      2.458808737462
    8     -1.904828295676     -1.082453895817      0.908115042369
    8     -3.745933326001      2.143908847528      0.872133176725
    8     14.988046816051      6.439825771760      2.403587639752
  258      0.009631244673     -0.000131046583      0.085295023175
  258     -1.876150953377      3.230604719800      0.062586344959
  258      1.872657580492     -3.221357620800      0.088418250058
  258      3.749260686943     -0.017022524808      0.137754974499
  258      1.860369594769      3.253377552089      0.077055114919
  258      5.613779956984     -3.217603405573      0.122438507203
  258     -3.762025557107     -0.002080467961      0.109961861893
  258     -5.598153620637      3.240033017158      0.077611863922
  258     -1.876918746742     -3.242123848164      0.078407477290
    8     -1.881608590422      1.082244726470     -0.792429201588
    8     -3.733888044302      4.320994168953     -0.794841515863
    8     -0.008152196452     -2.162490351563     -0.789820561195
    8      1.883311585840      1.099201156574     -0.787532908843
    8      0.000504918123      4.327937580079     -0.792372975355
    8      3.741920448893     -2.163928223213     -0.780211126713
    8     -5.618701662080      1.087784430498     -0.784247650265
    8     -7.482717823422      4.318996938472     -0.780133990205
    8     -3.734781201443     -2.163123342746     -0.794474058994
    8      0.000000000000      0.000000000000     -2.343480358560
    8     -1.868678909183      3.243399166566     -2.343480358560
    8      1.868678909188     -3.243399166561     -2.343480358560
    8      3.739607714243      0.001333188748     -2.343480358560
    8      1.870928805054      3.244732355320     -2.343480358560
    8      5.608286623439     -3.242065977813     -2.343480358560
    8     -3.739607714243     -0.001333188758     -2.343480358560
    8     -5.608286623439      3.242065977813     -2.343480358560
    8     -1.870928805059     -3.244732355315     -2.343480358560
  258     -1.869428874476      1.080688659270     -3.124640478080
  258     -3.738107783654      4.324087825841     -3.124640478080
  258     -0.000749965289     -2.162710507293     -3.124640478080
  258      1.870178839766      1.082021848023     -3.124640478080
  258      0.001499930581      4.325421014590     -3.124640478080
  258      3.738857748953     -2.161377318542     -3.124640478080
  258     -5.609036588760      1.079355470503     -3.124640478080
  258     -7.477715497903      4.322754637091     -3.124640478080
  258     -3.740357679535     -2.164043696050     -3.124640478080
    8      1.869428874476     -1.080688659270     -3.905800597599
    8      0.000749965289      2.162710507293     -3.905800597599
    8      3.738107783654     -4.324087825841     -3.905800597599
    8      5.609036588760     -1.079355470503     -3.905800597599
    8      3.740357679539      2.164043696051     -3.905800597599
    8      7.477715497903     -4.322754637091     -3.905800597599
    8     -1.870178839766     -1.082021848023     -3.905800597599
    8     -3.738857748956      2.161377318541     -3.905800597599
    8     -0.001499930582     -4.325421014591     -3.905800597599
    8     -3.824198442728      2.149156825517      5.984729549977
    1     -2.880426198354      2.198546508146      6.241404011956
    8      1.950480918914      2.368663147339      6.624004814723
    1      2.115735718670      3.315421150772      6.416042888424
    1      1.886807060492      1.892523935960      5.734015696139
    1     -4.123850639833      1.162841302766      6.028716323251
    8     -7.539265961806      0.292934285878      7.550914169217
    1     -6.791019701058      0.004021374691      6.942044556691
    1      3.322733385760      1.151298960655      7.216947026402
    1      7.555509341883     -3.644512601394      6.466724907610
    8      7.317994290281     -4.510311137117      5.990449303277
    8     -0.347839972156     -2.645120851265      6.777853697460
    1     -0.328774582104     -2.433774776067      5.783796239278
    1     -0.256695322161     -3.632555625798      6.784014585407
    8      3.752932941184     -2.347155726780      4.439444639216
    1      3.446221322785     -2.222977590980      5.361169108787
    8      2.006783968342     -1.304334931821      6.151739740685
    1      2.500882248879     -0.697084569897      6.768718693121
    1      1.238726469830     -1.734936333777      6.593324172579
    1      6.348369930340     -4.604995555018      5.972701483841
    1     -6.592540596849      4.194720711750      5.743587486329
    8     -5.907755546760      4.314965870226      6.452788967381
    1     -5.173749137371      3.693618584583      6.251205689045
    8     -3.177799751142     -2.293947457220      7.243087633974
    1     -2.211900150559     -2.308965484568      7.049343318094
    1     -3.595411861306     -1.569606258453      6.665206738727
    8     -0.884290758329      3.131810441538      6.697810122281
    1     -0.006501110276      2.706392125777      6.817652181252
    1     -0.768969671082      3.614864865843      5.842489295080
    8      1.247182508520      9.363175552084      5.807959701662
    8     -0.135038740520      8.834897162621      5.921062964197
    0    0
