   2   1   1 E -1.7734909110034E+04 DE-2.6E-07(  8)
  0.112188205878E+02  0.410297200499E-02  0.000000000000E+00
 -0.560594577038E+01  0.973021098149E+01  0.000000000000E+00
  0.000000000000E+00  0.000000000000E+00  0.500000000000E+03
    1
  0.100000000000E+01  0.000000000000E+00  0.000000000000E+00
  0.000000000000E+00  0.100000000000E+01  0.000000000000E+00
  0.000000000000E+00  0.000000000000E+00  0.100000000000E+01
  0.000000000000E+00  0.000000000000E+00  0.000000000000E+00
  111
    8     -1.809664851186      1.074116035208      4.118515139233
    8     13.067659141540      5.433624836084      0.883223843313
    8     16.853003904889      5.427069115562      0.851123917066
    8      1.834679408776      1.242249710145      4.220556039644
    8     11.075967931422      4.263459711021      4.224425192670
    8     -5.691085639432      1.291066657742      4.098198180838
    8     13.059794014578      3.303588002182      2.449453940696
    8     11.181652074841      6.500295377519      2.550812536171
  258      1.838820724129     -1.044650104353      3.420580101935
  258     -0.029080423138      2.149952250837      3.271435826862
  258      3.730424749044     -4.378940869912      3.231600454360
  258      5.697060042071     -1.003265739316      3.694710969771
  258      3.741453691729      2.174269542580      3.248516934047
  258      7.485921039222     -4.322946210901      3.353837731619
  258     -1.879816308001     -1.078371575347      3.269764825129
  258     -3.747720819101      2.180607029914      3.374935785219
  258      0.011462485460     -4.322291026473      3.245691740364
    8     -0.005087187304      0.001684892709      2.456331551552
    8     -1.893039196910      3.217061112503      2.419364023396
    8     18.726680156448      4.382422760425      4.091586533308
    8      3.779858693074     -0.053603045729      2.586692163090
    8     15.024500822114      4.299822215868      4.150548578026
    8     16.855720629714      3.301794164710      2.397236707021
    8     -3.770220121006      0.026153948862      2.559167680940
    8     16.693323389996      7.526058805322      4.209300805156
    8     13.220923490383      7.460154717391      4.060196135678
    8      1.889296547223     -1.066378251712      0.876370430722
    8      0.002558497270      2.176030523013      0.876906562012
    8      3.744176315689     -4.333728009293      0.876623057941
    8      5.626987648546     -1.079140470498      0.855370495087
    8      3.729344524885      2.148523330058      0.907384335703
    8     18.712412886322      6.518351780086      2.459124877022
    8     -1.904775471212     -1.082688920582      0.908146274683
    8     -3.745954125324      2.143618929023      0.872258748662
    8     14.988445460493      6.439623815561      2.403846091397
  258      0.009828599712     -0.000299032822      0.085240098705
  258     -1.876159229843      3.230328654171      0.062420432563
  258      1.872598981394     -3.221475383062      0.088226222234
  258      3.749442707482     -0.017038525606      0.137503616054
  258      1.860461506003      3.253274993333      0.076982324077
  258      5.613700633319     -3.217559920440      0.122574122118
  258     -3.761776903741     -0.002304986477      0.109973328711
  258     -5.597996650321      3.239883163807      0.077503542095
  258     -1.876842000385     -3.242145323589      0.078447522896
    8     -1.881591449658      1.082323020598     -0.792646705616
    8     -3.733921108692      4.320817882508     -0.794756097460
    8     -0.007874965086     -2.162658781965     -0.789678444175
    8      1.883817144271      1.099349728769     -0.787609738736
    8      0.000732272899      4.327898249713     -0.792349086604
    8      3.742011223175     -2.163965717198     -0.780127908507
    8     -5.618646933610      1.087495620565     -0.784141692349
    8     -7.482720622802      4.318832919979     -0.780049267183
    8     -3.734874891771     -2.163116092437     -0.794520911188
    8      0.000000000000      0.000000000000     -2.343480358560
    8     -1.868648590127      3.243403660496     -2.343480358560
    8      1.868648590132     -3.243403660491     -2.343480358560
    8      3.739606862553      0.001367657329     -2.343480358560
    8      1.870958272421      3.244771317832     -2.343480358560
    8      5.608255452693     -3.242036003162     -2.343480358560
    8     -3.739606862553     -0.001367657339     -2.343480358560
    8     -5.608255452693      3.242036003162     -2.343480358560
    8     -1.870958272426     -3.244771317826     -2.343480358560
  258     -1.869418484227      1.080678667720     -3.124640478080
  258     -3.738067074349      4.324082328221     -3.124640478080
  258     -0.000769894097     -2.162724992774     -3.124640478080
  258      1.870188378325      1.082046325054     -3.124640478080
  258      0.001539788197      4.325449985551     -3.124640478080
  258      3.738836968456     -2.161357335441     -3.124640478080
  258     -5.609025346822      1.079311010373     -3.124640478080
  258     -7.477673936909      4.322714670891     -3.124640478080
  258     -3.740376756653     -2.164092650111     -3.124640478080
    8      1.869418484227     -1.080678667720     -3.905800597599
    8      0.000769894097      2.162724992774     -3.905800597599
    8      3.738067074349     -4.324082328221     -3.905800597599
    8      5.609025346822     -1.079311010373     -3.905800597599
    8      3.740376756657      2.164092650112     -3.905800597599
    8      7.477673936909     -4.322714670891     -3.905800597599
    8     -1.870188378325     -1.082046325054     -3.905800597599
    8     -3.738836968459      2.161357335440     -3.905800597599
    8     -0.001539788198     -4.325449985552     -3.905800597599
    8     -3.824376630373      2.148876258564      5.985229265682
    1     -2.880605925320      2.197615605855      6.241860986018
    8      1.953127435908      2.370062113242      6.623608685041
    1      2.117490009210      3.316796031731      6.414483845623
    1      1.888786061213      1.892733470344      5.734436485859
    1     -4.124396009539      1.162476746176      6.028730574579
    8     -7.537527373702      0.292460789901      7.549211164745
    1     -6.788966773748      0.002800904129      6.941119932596
    1      3.326352702479      1.151646547862      7.215458295386
    1      7.555927088383     -3.643609888251      6.465750445962
    8      7.318024860829     -4.509601324062      5.989919731423
    8     -0.346802998351     -2.645199551643      6.778108175074
    1     -0.327704474038     -2.434018669514      5.784004955742
    1     -0.255936027244     -3.632675464949      6.784206983222
    8      3.753241669654     -2.347412381649      4.439343110811
    1      3.446275289614     -2.222721528564      5.360953147794
    8      2.008059201922     -1.303640943668      6.150948023248
    1      2.502094546876     -0.695746412686      6.767630939498
    1      1.240116120910     -1.734311006833      6.592600724204
    1      6.348451350626     -4.604309350468      5.973087323257
    1     -6.591573572524      4.194393567889      5.742876334525
    8     -5.906733283390      4.315170758885      6.451885440072
    1     -5.173164417861      3.692831167072      6.251602994642
    8     -3.176519283626     -2.293903214452      7.242699966449
    1     -2.210394339258     -2.309461353845      7.049800373962
    1     -3.592532940618     -1.568770322786      6.664588209664
    8     -0.881718313365      3.131979973211      6.698895367034
    1     -0.003326904647      2.707459615707      6.818266700813
    1     -0.767685724776      3.614540853827      5.843259675126
    8      1.248480675118      9.363530187856      5.807931240994
    8     -0.133188759619      8.833876688295      5.921039949002
    0    0
