   2   1   1 E -1.7734909106432E+04 DE-2.5E-07(  8)
  0.112189123292E+02  0.397132860023E-02  0.000000000000E+00
 -0.560610573319E+01  0.973005182249E+01  0.000000000000E+00
  0.000000000000E+00  0.000000000000E+00  0.500000000000E+03
    1
  0.100000000000E+01  0.000000000000E+00  0.000000000000E+00
  0.000000000000E+00  0.100000000000E+01  0.000000000000E+00
  0.000000000000E+00  0.000000000000E+00  0.100000000000E+01
  0.000000000000E+00  0.000000000000E+00  0.000000000000E+00
  111
    8     -1.809832001537      1.074119935532      4.118518747140
    8     13.067399251556      5.433433069640      0.882918515201
    8     16.852880300628      5.426869576589      0.851053456812
    8      1.834353987425      1.243023627293      4.221116092774
    8     11.075712887003      4.263443869494      4.225129616741
    8     -5.691044050563      1.291601621046      4.098303970061
    8     13.059031726000      3.304067020001      2.449662770676
    8     11.181698025969      6.500544253737      2.551719330965
  258      1.838828108328     -1.044353201696      3.421819497540
  258     -0.029336694061      2.149766881344      3.271597655135
  258      3.730407278719     -4.378635207978      3.231956692757
  258      5.697026602717     -1.003198807787      3.695314397244
  258      3.741427849928      2.174622434084      3.248612376178
  258      7.485935112654     -4.323159734328      3.354869055275
  258     -1.880058720000     -1.078191151295      3.269549762801
  258     -3.748248833799      2.180650331810      3.374314393011
  258      0.011404907393     -4.321621581455      3.245099516898
    8     -0.005293734028      0.001854422974      2.456046985086
    8     -1.893366081484      3.217520046881      2.419293238394
    8     18.725863404482      4.382732761062      4.091413633991
    8      3.780007759568     -0.053069708899      2.586755808133
    8     15.024648157795      4.299622844599      4.150283834517
    8     16.855366197017      3.301552835192      2.396944708908
    8     -3.770582950531      0.026337269362      2.558790471445
    8     16.692447061211      7.525240214055      4.209324404824
    8     13.221054369007      7.459865889676      4.060842139843
    8      1.888908549781     -1.065718865493      0.875445669091
    8      0.002420479374      2.175806772485      0.876734242344
    8      3.744640151908     -4.333381738754      0.876587445189
    8      5.626821704794     -1.079252228566      0.854677895172
    8      3.728592154074      2.148769753926      0.907058801208
    8     18.713167516922      6.518424779637      2.458446474920
    8     -1.904898407339     -1.082317008160      0.907845621408
    8     -3.745918420395      2.143917440239      0.871989788052
    8     14.987956473490      6.439572277207      2.403634307572
  258      0.009534273908     -0.000048861000      0.085170055480
  258     -1.876070130835      3.230681210644      0.062563322376
  258      1.872832234042     -3.221256383750      0.088554612243
  258      3.749144289562     -0.016980458654      0.138005458920
  258      1.860373639438      3.253449552489      0.076922783578
  258      5.613837552496     -3.217461590946      0.122472103570
  258     -3.762181262251     -0.002159401641      0.109880953374
  258     -5.598199163365      3.240090000387      0.077588384181
  258     -1.876784318751     -3.242056075797      0.078380445183
    8     -1.881337333120      1.082248256310     -0.792516147942
    8     -3.733876288405      4.321080917011     -0.794989360370
    8     -0.007967821922     -2.162311607899     -0.789792890106
    8      1.882934026105      1.099247880279     -0.787666891752
    8      0.000414317706      4.327727753008     -0.792485727193
    8      3.742038597617     -2.163937346284     -0.780229567637
    8     -5.618797632148      1.087897112913     -0.784099990717
    8     -7.482776819698      4.319183667491     -0.780225638784
    8     -3.734675769681     -2.163172046278     -0.794575037362
    8      0.000000000000      0.000000000000     -2.343480358560
    8     -1.868701911063      3.243350607494     -2.343480358560
    8      1.868701911068     -3.243350607489     -2.343480358560
    8      3.739637443026      0.001323776194     -2.343480358560
    8      1.870935531957      3.244674383695     -2.343480358560
    8      5.608339354103     -3.242026831295     -2.343480358560
    8     -3.739637443026     -0.001323776204     -2.343480358560
    8     -5.608339354103      3.242026831295     -2.343480358560
    8     -1.870935531962     -3.244674383690     -2.343480358560
  258     -1.869446451364      1.080675610431     -3.124640478080
  258     -3.738148362422      4.324026217930     -3.124640478080
  258     -0.000744540297     -2.162674997061     -3.124640478080
  258      1.870190991661      1.081999386630     -3.124640478080
  258      0.001489080596      4.325349994125     -3.124640478080
  258      3.738892902728     -2.161351220863     -3.124640478080
  258     -5.609083894431      1.079351834218     -3.124640478080
  258     -7.477785805454      4.322702441735     -3.124640478080
  258     -3.740381983326     -2.163998773263     -3.124640478080
    8      1.869446451364     -1.080675610431     -3.905800597599
    8      0.000744540297      2.162674997061     -3.905800597599
    8      3.738148362422     -4.324026217930     -3.905800597599
    8      5.609083894431     -1.079351834218     -3.905800597599
    8      3.740381983330      2.163998773264     -3.905800597599
    8      7.477785805454     -4.322702441735     -3.905800597599
    8     -1.870190991661     -1.081999386630     -3.905800597599
    8     -3.738892902731      2.161351220862     -3.905800597599
    8     -0.001489080597     -4.325349994126     -3.905800597599
    8     -3.823417221832      2.149284912698      5.984561325873
    1     -2.879566578758      2.198738020529      6.240872551980
    8      1.951417459302      2.368600514572      6.624108740565
    1      2.116119065532      3.315569039197      6.416899558722
    1      1.887345913941      1.893340407076      5.733713641922
    1     -4.122952157690      1.163032634185      6.028926211540
    8     -7.539187547812      0.293596543097      7.552819269393
    1     -6.791499786730      0.005332280617      6.943260103409
    1      3.321093665692      1.151222262020      7.218830338408
    1      7.555911716178     -3.644826939420      6.467631766088
    8      7.318265709999     -4.510357841913      5.990921768201
    8     -0.347848332430     -2.644844167519      6.778176899890
    1     -0.329119186829     -2.433784072975      5.784145069591
    1     -0.257078846878     -3.632309681015      6.784468934773
    8      3.753087595137     -2.347618661476      4.440142364634
    1      3.446468709459     -2.223658005062      5.361818375554
    8      2.006403844204     -1.304574862671      6.152812509307
    1      2.500806744273     -0.697826894133      6.769745545331
    1      1.238301421437     -1.735122041539      6.594431068818
    1      6.348553344108     -4.604778580850      5.973466342889
    1     -6.592390182461      4.194753375912      5.743918584718
    8     -5.907909572297      4.314891965574      6.453414934782
    1     -5.173286102834      3.694644301186      6.250960889683
    8     -3.177989995842     -2.293458347970      7.243353653544
    1     -2.212222195010     -2.307398110677      7.049365954725
    1     -3.597056529726     -1.569951300698      6.665519629510
    8     -0.883453419652      3.131586030505      6.697975808680
    1     -0.005927053974      2.705756171753      6.817944289308
    1     -0.767556632949      3.614965527085      5.842885075303
    8      1.246853310425      9.362939557843      5.808058163994
    8     -0.135607544558      8.835324869646      5.921261735952
    0    0
