   2   1   1 E -1.7734909107208E+04 DE-2.7E-07(  8)
  0.112188635617E+02  0.396531210084E-02  0.000000000000E+00
 -0.560608660968E+01  0.973012988328E+01  0.000000000000E+00
  0.000000000000E+00  0.000000000000E+00  0.500000000000E+03
    1
  0.100000000000E+01  0.000000000000E+00  0.000000000000E+00
  0.000000000000E+00  0.100000000000E+01  0.000000000000E+00
  0.000000000000E+00  0.000000000000E+00  0.100000000000E+01
  0.000000000000E+00  0.000000000000E+00  0.000000000000E+00
  111
    8     -1.809792708982      1.074373766954      4.118611996293
    8     13.067379099030      5.433433980607      0.882975174353
    8     16.852763488052      5.426947182839      0.851041631948
    8      1.834240644015      1.242854146782      4.221019654956
    8     11.075784138508      4.263639236471      4.224986366950
    8     -5.691140808648      1.291557610517      4.098239208228
    8     13.059089863116      3.303915804591      2.449596241122
    8     11.181609256499      6.500465909257      2.551445869683
  258      1.838717230815     -1.044301921061      3.421268919822
  258     -0.029489075635      2.149950819441      3.271526619042
  258      3.730257056154     -4.378518489934      3.231917876108
  258      5.696924869570     -1.003137554279      3.695197220168
  258      3.741283234900      2.174601809684      3.248612898998
  258      7.485900913482     -4.323078672198      3.354636496123
  258     -1.880061079967     -1.078109225176      3.269587742195
  258     -3.748112963037      2.180785018413      3.374515644399
  258      0.011203529544     -4.321807913293      3.245172583941
    8     -0.005378823841      0.001920285902      2.456065807193
    8     -1.893482327557      3.217640028915      2.419341599672
    8     18.725819392224      4.382779961390      4.091492091814
    8      3.779853803591     -0.053032001149      2.586715169163
    8     15.024387482392      4.299694210817      4.150395058795
    8     16.855363861844      3.301555972791      2.397085562021
    8     -3.770423350602      0.026425124837      2.558893694095
    8     16.692296629350      7.525504702576      4.209237725254
    8     13.220731468568      7.459912178648      4.060667032192
    8      1.888935224423     -1.065990942962      0.875711351656
    8      0.002361793037      2.175935535275      0.876717560471
    8      3.744472280609     -4.333307092670      0.876651372179
    8      5.626775158675     -1.079170034900      0.854868504729
    8      3.728742743369      2.148788129621      0.907238806224
    8     18.712811512500      6.518224510271      2.458612243599
    8     -1.904879188987     -1.082366976862      0.907994258596
    8     -3.745933663816      2.143960516249      0.872054266284
    8     14.987958126350      6.439733285066      2.403575340595
  258      0.009561087108     -0.000069045744      0.085245294232
  258     -1.876118175748      3.230681060569      0.062595516729
  258      1.872743104971     -3.221288867031      0.088491922385
  258      3.749186108756     -0.017000649885      0.137887930523
  258      1.860349794073      3.253422553688      0.077002740698
  258      5.613815729583     -3.217543393882      0.122435421199
  258     -3.762127088168     -0.002075950285      0.109928612050
  258     -5.598199473601      3.240088769281      0.077614571178
  258     -1.876866380762     -3.242086810128      0.078391440542
    8     -1.881505871465      1.082244212874     -0.792435556113
    8     -3.733881252266      4.321064252514     -0.794918380500
    8     -0.008104596240     -2.162395017407     -0.789816954457
    8      1.883084831853      1.099199178805     -0.787573004699
    8      0.000428903878      4.327860561509     -0.792425852256
    8      3.741963793516     -2.163918376888     -0.780229017260
    8     -5.618758321046      1.087874369783     -0.784201090464
    8     -7.482747614620      4.319113675361     -0.780184342828
    8     -3.734723271540     -2.163145335973     -0.794505568677
    8      0.000000000000      0.000000000000     -2.343480358560
    8     -1.868695536560      3.243376627760     -2.343480358560
    8      1.868695536565     -3.243376627755     -2.343480358560
    8      3.739621187189      0.001321770694     -2.343480358560
    8      1.870925650623      3.244698398460     -2.343480358560
    8      5.608316723763     -3.242054857060     -2.343480358560
    8     -3.739621187189     -0.001321770704     -2.343480358560
    8     -5.608316723763      3.242054857060     -2.343480358560
    8     -1.870925650628     -3.244698398455     -2.343480358560
  258     -1.869438907917      1.080684952352     -3.124640478080
  258     -3.738134444472      4.324061580117     -3.124640478080
  258     -0.000743371353     -2.162691675404     -3.124640478080
  258      1.870182279271      1.082006723052     -3.124640478080
  258      0.001486742709      4.325383350812     -3.124640478080
  258      3.738877815835     -2.161369904707     -3.124640478080
  258     -5.609060095148      1.079363181640     -3.124640478080
  258     -7.477755631668      4.322739809422     -3.124640478080
  258     -3.740364558545     -2.164013446107     -3.124640478080
    8      1.869438907917     -1.080684952352     -3.905800597599
    8      0.000743371353      2.162691675404     -3.905800597599
    8      3.738134444472     -4.324061580117     -3.905800597599
    8      5.609060095148     -1.079363181640     -3.905800597599
    8      3.740364558549      2.164013446108     -3.905800597599
    8      7.477755631668     -4.322739809422     -3.905800597599
    8     -1.870182279271     -1.082006723052     -3.905800597599
    8     -3.738877815838      2.161369904706     -3.905800597599
    8     -0.001486742710     -4.325383350813     -3.905800597599
    8     -3.823912412220      2.149260744354      5.984568739346
    1     -2.880102405386      2.198750005352      6.241136096422
    8      1.950533790708      2.368500293789      6.624063987635
    1      2.115687799853      3.315357374117      6.416569695001
    1      1.886762134261      1.892886990606      5.733804724297
    1     -4.123447110304      1.162967902468      6.028786436149
    8     -7.539580647330      0.293288466003      7.551977558922
    1     -6.791585188449      0.004752639535      6.942734446099
    1      3.321514047991      1.151251134430      7.217970488831
    1      7.555700405621     -3.644719708434      6.467224879187
    8      7.318138298188     -4.510370339924      5.990733405696
    8     -0.347958818936     -2.645020024963      6.777946427521
    1     -0.329045401830     -2.433760753625      5.783910602468
    1     -0.256946461201     -3.632459651030      6.784143738094
    8      3.753088895625     -2.347276548624      4.439736362162
    1      3.446393706579     -2.223294837678      5.361455801382
    8      2.006420564270     -1.304494899622      6.152191746993
    1      2.500588510491     -0.697529884940      6.769150320066
    1      1.238357970324     -1.735077852595      6.593844922302
    1      6.348477395950     -4.604878719996      5.973041885444
    1     -6.592580323638      4.194802215525      5.743802641550
    8     -5.907936534971      4.314924652086      6.453182791561
    1     -5.173622520036      3.694132449809      6.251018433826
    8     -3.178030335883     -2.293653815390      7.243248562434
    1     -2.212197124687     -2.308202752737      7.049330568535
    1     -3.596428824984     -1.569768083696      6.665398602381
    8     -0.884318284395      3.131741102885      6.697741091519
    1     -0.006769307130      2.706005964723      6.817795450496
    1     -0.768522387525      3.614962865624      5.842542954898
    8      1.246831753979      9.363087226053      5.807993878271
    8     -0.135533508127      8.835229769503      5.921182093533
    0    0
