   2   1   1 E -1.7734909103791E+04 DE 2.8E-07( 24)
  0.112189295111E+02  0.410763364736E-02  0.000000000000E+00
 -0.560599606457E+01  0.972994108785E+01  0.000000000000E+00
  0.000000000000E+00  0.000000000000E+00  0.500000000000E+03
    1
  0.100000000000E+01  0.000000000000E+00  0.000000000000E+00
  0.000000000000E+00  0.100000000000E+01  0.000000000000E+00
  0.000000000000E+00  0.000000000000E+00  0.100000000000E+01
  0.000000000000E+00  0.000000000000E+00  0.000000000000E+00
  111
    8     -1.809814502917      1.073257914014      4.118123611724
    8     13.067470885212      5.433578583918      0.882875869176
    8     16.853148307753      5.426902593017      0.851137525055
    8      1.834897237206      1.243138424464      4.220907873619
    8     11.075562692819      4.262913377298      4.225162169186
    8     -5.690576793335      1.291432802712      4.098466405973
    8     13.059204535556      3.304315041994      2.449705080340
    8     11.181866194464      6.500737687895      2.552022971895
  258      1.839159539291     -1.044795797953      3.423059769232
  258     -0.028802422140      2.149209818512      3.271556106385
  258      3.730732361551     -4.379262751796      3.231893615637
  258      5.697282508100     -1.003520577670      3.695501748971
  258      3.741937673686      2.174483561685      3.248504343526
  258      7.485898343294     -4.323244832725      3.355062908662
  258     -1.879810660443     -1.078664582154      3.269487812878
  258     -3.748224267006      2.180165744856      3.374030466871
  258      0.011964956622     -4.321469457848      3.244969245476
    8     -0.004984058338      0.001391486682      2.456019404208
    8     -1.892855366304      3.216845899064      2.419201344138
    8     18.726112693808      4.382512169902      4.091228158624
    8      3.780521489373     -0.053504187275      2.586822303273
    8     15.025245322789      4.299715397737      4.150018961365
    8     16.855425260964      3.301499987493      2.396562124448
    8     -3.770849867767      0.025819967495      2.558715423477
    8     16.693227402200      7.524742861132      4.209482796123
    8     13.221951381508      7.459963295753      4.061129627854
    8      1.888893998566     -1.065262416863      0.875038062163
    8      0.002663076462      2.175367274485      0.876879122958
    8      3.744865641424     -4.333965077514      0.876445878716
    8      5.627057660016     -1.079512858171      0.854353508556
    8      3.728489519332      2.148597579112      0.906766095152
    8     18.713676201547      6.518949064899      2.458162506090
    8     -1.904770523192     -1.082401265038      0.907567026976
    8     -3.745816105916      2.143523063860      0.871894681246
    8     14.987964504678      6.439198725294      2.403699359908
  258      0.009622607626     -0.000183863071      0.085017764406
  258     -1.875985391476      3.230415021588      0.062417715596
  258      1.872907424954     -3.221328323194      0.088601808296
  258      3.749090771129     -0.017010770654      0.138146967760
  258      1.860496907457      3.253411139533      0.076729221432
  258      5.613785716205     -3.217361884289      0.122602638023
  258     -3.762088108449     -0.002544296210      0.109724642541
  258     -5.597999348617      3.239877233264      0.077441223847
  258     -1.876656672545     -3.242042982347      0.078333095244
    8     -1.880893300521      1.082156460108     -0.792803505357
    8     -3.733913060515      4.320873857355     -0.795016007016
    8     -0.007647254904     -2.162208891511     -0.789709765808
    8      1.882884866962      1.099426234202     -0.787977157242
    8      0.000603784819      4.327328085253     -0.792641556280
    8      3.742209318921     -2.164086054192     -0.780212204245
    8     -5.618782175715      1.087684829970     -0.783819505739
    8     -7.482729597413      4.319112348909     -0.780266851479
    8     -3.734614357423     -2.163246158501     -0.794811173380
    8      0.000000000000      0.000000000000     -2.343480358560
    8     -1.868665354855      3.243313695949     -2.343480358560
    8      1.868665354860     -3.243313695944     -2.343480358560
    8      3.739643170313      0.001369211210     -2.343480358560
    8      1.870977815452      3.244682907165     -2.343480358560
    8      5.608308525181     -3.241944484734     -2.343480358560
    8     -3.739643170313     -0.001369211220     -2.343480358560
    8     -5.608308525181      3.241944484734     -2.343480358560
    8     -1.870977815457     -3.244682907160     -2.343480358560
  258     -1.869436175057      1.080648161577     -3.124640478080
  258     -3.738101529906      4.323961857531     -3.124640478080
  258     -0.000770820198     -2.162665534369     -3.124640478080
  258      1.870206995255      1.082017372792     -3.124640478080
  258      0.001541640398      4.325331068742     -3.124640478080
  258      3.738872350114     -2.161296323156     -3.124640478080
  258     -5.609079345411      1.079278950349     -3.124640478080
  258     -7.477744700226      4.322592646320     -3.124640478080
  258     -3.740413990513     -2.164034745587     -3.124640478080
    8      1.869436175057     -1.080648161577     -3.905800597599
    8      0.000770820198      2.162665534369     -3.905800597599
    8      3.738101529906     -4.323961857531     -3.905800597599
    8      5.609079345411     -1.079278950349     -3.905800597599
    8      3.740413990517      2.164034745588     -3.905800597599
    8      7.477744700226     -4.322592646320     -3.905800597599
    8     -1.870206995255     -1.082017372792     -3.905800597599
    8     -3.738872350117      2.161296323155     -3.905800597599
    8     -0.001541640399     -4.325331068742     -3.905800597599
    8     -3.822450930472      2.148671771104      5.984494221782
    1     -2.878368412828      2.197007907900      6.240097238649
    8      1.955115171704      2.368916857704      6.623808568181
    1      2.118805582005      3.316169774400      6.416686072256
    1      1.889758380690      1.893909066782      5.733386279080
    1     -4.122787555130      1.162754430558      6.028954687726
    8     -7.537790059959      0.292994916180      7.554347717773
    1     -6.790507993343      0.005157732388      6.944321824219
    1      3.321327875745      1.150260692118      7.220327243528
    1      7.557026219687     -3.645251734151      6.468392664772
    8      7.318916913750     -4.510401477718      5.991138551217
    8     -0.346700126242     -2.645007666989      6.778630523255
    1     -0.328530492494     -2.434433206725      5.784522566911
    1     -0.256854846313     -3.632585641214      6.785111155456
    8      3.753351259478     -2.348493580512      4.440562153282
    1      3.447381326185     -2.224379607375      5.362414281281
    8      2.007496972312     -1.304210169424      6.153687947683
    1      2.502180553522     -0.697903545112      6.770863046397
    1      1.239499540894     -1.735132676777      6.595185547378
    1      6.349233509112     -4.604839666036      5.975250096339
    1     -6.591559092109      4.194559510802      5.744085627946
    8     -5.907686203396      4.314324346447      6.454080647987
    1     -5.172400641966      3.695130241115      6.251120656503
    8     -3.177025597495     -2.293399685081      7.243472379556
    1     -2.211282186028     -2.305918296958      7.049427346825
    1     -3.597283841570     -1.570531903401      6.665546333268
    8     -0.879647783487      3.130938332947      6.698404415765
    1     -0.001786323913      2.705642205766      6.818398623953
    1     -0.764178272315      3.614592184201      5.843482670910
    8      1.247053929228      9.362448694308      5.808475074938
    8     -0.135400642739      8.834902948781      5.921496416599
    0    0
