   2   1   1 E -1.7734909109097E+04 DE-1.2E-07(  9)
  0.112188083737E+02  0.406131124399E-02  0.000000000000E+00
 -0.560597580868E+01  0.973023475551E+01  0.000000000000E+00
  0.000000000000E+00  0.000000000000E+00  0.500000000000E+03
    1
  0.100000000000E+01  0.000000000000E+00  0.000000000000E+00
  0.000000000000E+00  0.100000000000E+01  0.000000000000E+00
  0.000000000000E+00  0.000000000000E+00  0.100000000000E+01
  0.000000000000E+00  0.000000000000E+00  0.000000000000E+00
  111
    8     -1.809656159957      1.074343274597      4.118605157267
    8     13.067550826956      5.433565522026      0.883155058710
    8     16.852852140769      5.427088713288      0.851094386673
    8      1.834484550831      1.242385967841      4.220690425958
    8     11.075930957713      4.263684281295      4.224605543336
    8     -5.691148545641      1.291232627991      4.098204726275
    8     13.059561134782      3.303646681447      2.449499330229
    8     11.181597662750      6.500327498945      2.550895725912
  258      1.838745076562     -1.044503901317      3.420577769357
  258     -0.029303307519      2.150053471395      3.271448291844
  258      3.730273526967     -4.378724412838      3.231721344619
  258      5.696943226515     -1.003198635717      3.694831805517
  258      3.741336659766      2.174385315147      3.248573303568
  258      7.485881419581     -4.322941191174      3.354046056839
  258     -1.879895016826     -1.078256738314      3.269719919535
  258     -3.747772320834      2.180738555787      3.374894192036
  258      0.011249756037     -4.322219258774      3.245537529585
    8     -0.005223575103      0.001782131940      2.456240394995
    8     -1.893262644887      3.217343514245      2.419418776641
    8     18.726313374399      4.382620972695      4.091608447329
    8      3.779796178534     -0.053360680577      2.586650533427
    8     15.024328227538      4.299869550135      4.150555580315
    8     16.855599727806      3.301688829041      2.397268692557
    8     -3.770207255820      0.026287003510      2.559154657150
    8     16.692845609199      7.526005491010      4.209264519161
    8     13.220687852703      7.460099877451      4.060328539249
    8      1.889157522186     -1.066395730540      0.876257640791
    8      0.002464089419      2.176038669256      0.876842199862
    8      3.744197247484     -4.333552038057      0.876685804106
    8      5.626898336071     -1.079113552941      0.855267289799
    8      3.729201425073      2.148654721416      0.907454982330
    8     18.712353174295      6.518195374053      2.459015666316
    8     -1.904777723571     -1.082588327770      0.908182202237
    8     -3.745934688699      2.143758757696      0.872224381172
    8     14.988258419077      6.439796863720      2.403686516139
  258      0.009742939580     -0.000230625194      0.085296481096
  258     -1.876164054785      3.230457786636      0.062518173012
  258      1.872599607826     -3.221439775914      0.088324324805
  258      3.749366703783     -0.017043273168      0.137611138610
  258      1.860425256616      3.253316498998      0.077051876752
  258      5.613738961386     -3.217616181977      0.122494055439
  258     -3.761881524468     -0.002184646915      0.109974551653
  258     -5.598065258058      3.239940923008      0.077574239837
  258     -1.876908050400     -3.242149438379      0.078430567006
    8     -1.881641115998      1.082269413810     -0.792514039076
    8     -3.733901074548      4.320882584406     -0.794770744910
    8     -0.008063873475     -2.162599601003     -0.789758775987
    8      1.883621854384      1.099264824311     -0.787549365246
    8      0.000635572282      4.327949120810     -0.792341796780
    8      3.741943761350     -2.163952471299     -0.780169053942
    8     -5.618654247317      1.087622509969     -0.784215545851
    8     -7.482704760260      4.318873995050     -0.780077187093
    8     -3.734841548985     -2.163111779842     -0.794483310361
    8      0.000000000000      0.000000000000     -2.343480358560
    8     -1.868658602892      3.243411585167     -2.343480358560
    8      1.868658602897     -3.243411585162     -2.343480358560
    8      3.739602791205      0.001353770409     -2.343480358560
    8      1.870944188307      3.244765355582     -2.343480358560
    8      5.608261394110     -3.242057814753     -2.343480358560
    8     -3.739602791205     -0.001353770419     -2.343480358560
    8     -5.608261394110      3.242057814753     -2.343480358560
    8     -1.870944188312     -3.244765355577     -2.343480358560
  258     -1.869420464700      1.080685938250     -3.124640478080
  258     -3.738079067587      4.324097523422     -3.124640478080
  258     -0.000761861804     -2.162725646914     -3.124640478080
  258      1.870182326504      1.082039708664     -3.124640478080
  258      0.001523723610      4.325451293832     -3.124640478080
  258      3.738840929400     -2.161371876502     -3.124640478080
  258     -5.609023255946      1.079332167823     -3.124640478080
  258     -7.477681858798      4.322743753012     -3.124640478080
  258     -3.740364653011     -2.164079417331     -3.124640478080
    8      1.869420464700     -1.080685938250     -3.905800597599
    8      0.000761861804      2.162725646914     -3.905800597599
    8      3.738079067587     -4.324097523422     -3.905800597599
    8      5.609023255946     -1.079332167823     -3.905800597599
    8      3.740364653015      2.164079417332     -3.905800597599
    8      7.477681858798     -4.322743753012     -3.905800597599
    8     -1.870182326504     -1.082039708664     -3.905800597599
    8     -3.738840929403      2.161371876501     -3.905800597599
    8     -0.001523723611     -4.325451293833     -3.905800597599
    8     -3.824446853734      2.149000111151      5.984931410558
    1     -2.880678503361      2.198012187333      6.241652167940
    8      1.951412854607      2.369292281512      6.623797452645
    1      2.116398777647      3.316007511889      6.415172110693
    1      1.887564757068      1.892427834637      5.734254952410
    1     -4.124353180444      1.162684121079      6.028679125378
    8     -7.538449507435      0.292592188152      7.549859594248
    1     -6.790003818849      0.003219589968      6.941412262277
    1      3.324642858221      1.151432912655      7.215967858013
    1      7.555672215915     -3.644078446728      6.466171612439
    8      7.317964812580     -4.509991389392      5.990161001618
    8     -0.347282551813     -2.645125528760      6.777917631245
    1     -0.328175006757     -2.433824993649      5.783820376433
    1     -0.256256769762     -3.632574001124      6.783999181597
    8      3.753141689009     -2.347192477300      4.439242106821
    1      3.446314669134     -2.222701537123      5.360937458839
    8      2.007587834627     -1.304015627953      6.151182066181
    1      2.501512572608     -0.696391699296      6.768047000649
    1      1.239580199625     -1.734685297388      6.592771338565
    1      6.348389606516     -4.604709745678      5.972799093873
    1     -6.592128007340      4.194632087416      5.743286490356
    8     -5.907252173838      4.315106201582      6.452361580460
    1     -5.173557628246      3.693138632115      6.251433394865
    8     -3.177147017185     -2.294019856479      7.242836199150
    1     -2.211122641770     -2.309408687156      7.049493653911
    1     -3.593860405046     -1.569195262251      6.664876161480
    8     -0.883497438087      3.131872829233      6.698282074540
    1     -0.005403772557      2.706917559491      6.817951314185
    1     -0.768819029405      3.614685207965      5.842830152026
    8      1.247766332652      9.363395167878      5.807992458336
    8     -0.134124627826      8.834324961635      5.921029809159
    0    0
