   2   1   1 E -1.7734909093578E+04 DE-2.2E-06(  6)
  0.112188237537E+02  0.433785654993E-02  0.000000000000E+00
 -0.560574359994E+01  0.973007365105E+01  0.000000000000E+00
  0.000000000000E+00  0.000000000000E+00  0.500000000000E+03
    1
  0.100000000000E+01  0.000000000000E+00  0.000000000000E+00
  0.000000000000E+00  0.100000000000E+01  0.000000000000E+00
  0.000000000000E+00  0.000000000000E+00  0.100000000000E+01
  0.000000000000E+00  0.000000000000E+00  0.000000000000E+00
  111
    8     -1.810648553805      1.072765188983      4.118103607679
    8     13.067074728886      5.434207146833      0.882995843558
    8     16.852774552174      5.427735505127      0.851063865686
    8      1.834583525604      1.243511614376      4.220486337435
    8     11.075008345751      4.263096486368      4.224319627723
    8     -5.690889158305      1.291791005121      4.098704922104
    8     13.059290433784      3.304562551385      2.449261449718
    8     11.181441015891      6.501241655248      2.551447850791
  258      1.838731972920     -1.045339945120      3.424633542549
  258     -0.029225124841      2.149021603816      3.271041808645
  258      3.730061915941     -4.379677006003      3.231648818389
  258      5.696251169657     -1.003453110603      3.695634621675
  258      3.741708290791      2.174588594912      3.248119457917
  258      7.485223970703     -4.322818652342      3.354491180185
  258     -1.880249514828     -1.078745679919      3.269527214397
  258     -3.748210582571      2.180122861200      3.374366311810
  258      0.011304389687     -4.321746731637      3.244374517859
    8     -0.005695030275      0.001014501844      2.456010723188
    8     -1.893031682252      3.216235808211      2.419188924064
    8     18.725276241604      4.382650514899      4.090992134069
    8      3.780958786275     -0.053747242391      2.586887366726
    8     15.024463838396      4.300368290505      4.150041325552
    8     16.855119648059      3.301522223915      2.395974907566
    8     -3.771545082536      0.025357701496      2.558663454828
    8     16.692785131487      7.524534439928      4.209469789107
    8     13.221545228271      7.460865570833      4.061140490973
    8      1.888379957706     -1.065037929337      0.874786010675
    8      0.002627360911      2.174784889271      0.877096457765
    8      3.744384393448     -4.334747092664      0.876412962036
    8      5.627070840180     -1.079537962716      0.854021875888
    8      3.728453367045      2.148532451302      0.906889029431
    8     18.713166054972      6.519089766466      2.457797752123
    8     -1.904392156408     -1.082378127787      0.907554849437
    8     -3.745689423384      2.143167769490      0.871787843028
    8     14.987144073882      6.439307528303      2.403309127815
  258      0.009865376225     -0.000387704913      0.085323610552
  258     -1.876273386043      3.230027762959      0.062332917248
  258      1.872492752372     -3.221307198068      0.088397578569
  258      3.748845906055     -0.017029352687      0.138166727985
  258      1.860283179069      3.253510671491      0.076799341777
  258      5.613285799812     -3.217423287349      0.122874759169
  258     -3.762014875692     -0.002748603705      0.109678649642
  258     -5.597908234367      3.239622469710      0.076995107612
  258     -1.877270108131     -3.242111526698      0.078290842315
    8     -1.880620229879      1.081910369077     -0.793031256714
    8     -3.734199756653      4.320586384552     -0.794729738346
    8     -0.008101980921     -2.162035471722     -0.789587010031
    8      1.882737833910      1.099543172366     -0.788292954085
    8      0.000870757405      4.327130763195     -0.792697162573
    8      3.741931347325     -2.164297255083     -0.779971077975
    8     -5.618816407600      1.087303942136     -0.783860862023
    8     -7.482790465896      4.318879097143     -0.780104437863
    8     -3.734849619671     -2.163310183223     -0.794965683147
    8      0.000000000000      0.000000000000     -2.343480358560
    8     -1.868581199981      3.243357883682     -2.343480358560
    8      1.868581199986     -3.243357883677     -2.343480358560
    8      3.739607917846      0.001445952177     -2.343480358560
    8      1.871026717859      3.244803835866     -2.343480358560
    8      5.608189117841     -3.241911931500     -2.343480358560
    8     -3.739607917846     -0.001445952187     -2.343480358560
    8     -5.608189117841      3.241911931500     -2.343480358560
    8     -1.871026717864     -3.244803835861     -2.343480358560
  258     -1.869396372610      1.080637310499     -3.124640478080
  258     -3.737977572586      4.323995194186     -3.124640478080
  258     -0.000815172625     -2.162720573180     -3.124640478080
  258      1.870211545235      1.082083262681     -3.124640478080
  258      0.001630345252      4.325441146365     -3.124640478080
  258      3.738792745220     -2.161274621000     -3.124640478080
  258     -5.609004290497      1.079191358303     -3.124640478080
  258     -7.477585490439      4.322549242008     -3.124640478080
  258     -3.740423090474     -2.164166525366     -3.124640478080
    8      1.869396372610     -1.080637310499     -3.905800597599
    8      0.000815172625      2.162720573180     -3.905800597599
    8      3.737977572586     -4.323995194186     -3.905800597599
    8      5.609004290497     -1.079191358303     -3.905800597599
    8      3.740423090478      2.164166525367     -3.905800597599
    8      7.477585490439     -4.322549242008     -3.905800597599
    8     -1.870211545235     -1.082083262681     -3.905800597599
    8     -3.738792745223      2.161274620999     -3.905800597599
    8     -0.001630345253     -4.325441146365     -3.905800597599
    8     -3.823264827270      2.147684437562      5.984665899030
    1     -2.879145878580      2.193901092436      6.240074879743
    8      1.960226395518      2.369015016320      6.623060696586
    1      2.123638750234      3.316300616222      6.415719753686
    1      1.892079512998      1.894154691623      5.732741870983
    1     -4.125585662771      1.162125035871      6.028553291743
    8     -7.540978621588      0.292470158461      7.554206598002
    1     -6.793023942560      0.005429148736      6.944328292417
    1      3.316699409583      1.149538313622      7.219968104968
    1      7.557829718106     -3.644755361940      6.468491373801
    8      7.319303373103     -4.509487569694      5.990642807837
    8     -0.346741656742     -2.647369236872      6.778597550668
    1     -0.328460851508     -2.436633989278      5.784528613493
    1     -0.258127934667     -3.635055353517      6.785289614431
    8      3.752580728077     -2.349060497232      4.440751800480
    1      3.448569335506     -2.224655857547      5.363223891624
    8      2.006984751155     -1.303675828474      6.154289940042
    1      2.501651636787     -0.697590387063      6.772300091908
    1      1.239217538746     -1.735282293896      6.595262155225
    1      6.349874517459     -4.604851155799      5.977292948770
    1     -6.591971311183      4.193600956674      5.743455148644
    8     -5.909240322320      4.312250152826      6.454832425185
    1     -5.173632950283      3.693430593084      6.252342820189
    8     -3.176995203646     -2.293675255181      7.243167926718
    1     -2.211295812239     -2.304664626655      7.048409369281
    1     -3.598680924508     -1.571152107847      6.665778149230
    8     -0.875144466019      3.131571951941      6.696998498369
    1      0.002671355457      2.706642478373      6.818201760136
    1     -0.759184195287      3.614454604372      5.841490392089
    8      1.245398332062      9.362635275443      5.809428442337
    8     -0.137597547976      8.835890658094      5.921396056544
    0    0
