   2   1   1 E -1.7734909056833E+04 DE-1.0E-07(  9)
  0.112191287157E+02  0.464379865128E-02  0.000000000000E+00
 -0.560563050589E+01  0.972973688158E+01  0.000000000000E+00
  0.000000000000E+00  0.000000000000E+00  0.500000000000E+03
    1
  0.100000000000E+01  0.000000000000E+00  0.000000000000E+00
  0.000000000000E+00  0.100000000000E+01  0.000000000000E+00
  0.000000000000E+00  0.000000000000E+00  0.100000000000E+01
  0.000000000000E+00  0.000000000000E+00  0.000000000000E+00
  111
    8     -1.810600171149      1.074659012743      4.120035180112
    8     13.067362070444      5.434274646356      0.882704661756
    8     16.852880268283      5.427920036826      0.849251227332
    8      1.833287310258      1.246640455238      4.222635484303
    8     11.078431454413      4.265073798887      4.223409618117
    8     -5.690745378926      1.292471957130      4.097911096394
    8     13.059782572767      3.304402984706      2.447668454683
    8     11.180838177483      6.501480624304      2.551028558099
  258      1.837288906414     -1.043983643763      3.425569199786
  258     -0.029264491919      2.150834225379      3.271384683908
  258      3.729178602037     -4.377460032736      3.231666343385
  258      5.695787321338     -1.001149549227      3.696402167855
  258      3.741408945915      2.174898920820      3.247500830513
  258      7.486396237085     -4.321746924443      3.354243758317
  258     -1.881416969668     -1.076820198997      3.270017074959
  258     -3.748150031341      2.180933136665      3.375336270261
  258      0.009934845840     -4.322633802429      3.243493420299
    8     -0.007251984421      0.003860480528      2.455311186797
    8     -1.893346233411      3.217884385603      2.419132761399
    8     18.726157586197      4.383503860300      4.091249468715
    8      3.781146538532     -0.052716104512      2.586394576185
    8     15.024805532188      4.299980930287      4.150371948308
    8     16.856295400950      3.302851277032      2.395623058415
    8     -3.770443168760      0.026726752012      2.557546233471
    8     16.689490738200      7.525240096176      4.208199840324
    8     13.219468289208      7.460912827266      4.060414103539
    8      1.886473171754     -1.064507664723      0.874359360044
    8      0.002372356731      2.174178481157      0.875551641200
    8      3.744552028914     -4.333126404596      0.876288148466
    8      5.627478651687     -1.078056680698      0.853295703102
    8      3.728766874777      2.148657045235      0.905805433801
    8     18.714586477810      6.517862096675      2.457776567198
    8     -1.903337898908     -1.081002421165      0.906769982470
    8     -3.744900767143      2.144266076123      0.870629541124
    8     14.987836965254      6.441563697367      2.402643982494
  258      0.010277321558     -0.000075725737      0.085998327580
  258     -1.876126484564      3.230904997990      0.062066508453
  258      1.872554290466     -3.220540106565      0.087948747104
  258      3.749501058971     -0.016471358326      0.138137508266
  258      1.859961711504      3.254004149761      0.077422690560
  258      5.612930865851     -3.216824416848      0.123096552175
  258     -3.762005784846     -0.001817536933      0.110151699188
  258     -5.598367465040      3.239930736766      0.075959572478
  258     -1.878055189065     -3.242368949271      0.078254828652
    8     -1.879401559520      1.081174884291     -0.792913579933
    8     -3.733183856261      4.321029453136     -0.795572831149
    8     -0.009376510201     -2.159802341885     -0.789508579907
    8      1.880825899287      1.098363783254     -0.787605038005
    8      0.000426348542      4.327951940264     -0.792404954427
    8      3.741330990203     -2.163472414870     -0.779655564930
    8     -5.618727149244      1.088116696110     -0.785123230633
    8     -7.483462135363      4.318570556706     -0.780277485543
    8     -3.734586288636     -2.163284265898     -0.794507992722
    8      0.000000000000      0.000000000000     -2.343480358560
    8     -1.868543501963      3.243245627193     -2.343480358560
    8      1.868543501968     -3.243245627188     -2.343480358560
    8      3.739709571864      0.001547932878     -2.343480358560
    8      1.871166069895      3.244793560077     -2.343480358560
    8      5.608253073840     -3.241697694310     -2.343480358560
    8     -3.739709571864     -0.001547932888     -2.343480358560
    8     -5.608253073840      3.241697694310     -2.343480358560
    8     -1.871166069900     -3.244793560072     -2.343480358560
  258     -1.869417691276      1.080565898102     -3.124640478080
  258     -3.737961193234      4.323811525300     -3.124640478080
  258     -0.000874189309     -2.162679729088     -3.124640478080
  258      1.870291880586      1.082113830985     -3.124640478080
  258      0.001748378621      4.325359458179     -3.124640478080
  258      3.738835382553     -2.161131796207     -3.124640478080
  258     -5.609127263181      1.079017965206     -3.124640478080
  258     -7.477670765105      4.322263592421     -3.124640478080
  258     -3.740583761176     -2.164227661973     -3.124640478080
    8      1.869417691276     -1.080565898102     -3.905800597599
    8      0.000874189309      2.162679729088     -3.905800597599
    8      3.737961193234     -4.323811525300     -3.905800597599
    8      5.609127263181     -1.079017965206     -3.905800597599
    8      3.740583761180      2.164227661974     -3.905800597599
    8      7.477670765105     -4.322263592421     -3.905800597599
    8     -1.870291880586     -1.082113830985     -3.905800597599
    8     -3.738835382556      2.161131796206     -3.905800597599
    8     -0.001748378622     -4.325359458180     -3.905800597599
    8     -3.822663758119      2.148668798927      5.985094073924
    1     -2.878212120441      2.197555517823      6.238535804027
    8      1.972498817141      2.373448592723      6.621048206132
    1      2.135150027946      3.321020695862      6.415376142834
    1      1.899129301341      1.899961850685      5.729936303635
    1     -4.121430681406      1.161123354578      6.027825720825
    8     -7.547598952289      0.298929989089      7.559559440087
    1     -6.799799353070      0.015559182077      6.950794744219
    1      3.307785442315      1.155890315435      7.224511453781
    1      7.561925570493     -3.642158486922      6.467714589385
    8      7.322656503568     -4.507758865661      5.991630344614
    8     -0.350151007192     -2.651847941927      6.776838316148
    1     -0.329807276181     -2.439735097462      5.783457088379
    1     -0.259394892051     -3.639419439492      6.782405871038
    8      3.754713654428     -2.347264786197      4.442074105595
    1      3.452339821543     -2.227428595462      5.365285468399
    8      2.000948760022     -1.306201608729      6.153181042153
    1      2.492740554502     -0.696731148183      6.768722653138
    1      1.232626351544     -1.736235115281      6.595095992136
    1      6.352944546349     -4.602586975976      5.981904090335
    1     -6.591280610329      4.189295082158      5.739528274621
    8     -5.908294312605      4.309854777993      6.450545992870
    1     -5.173324197208      3.688824515988      6.250791124972
    8     -3.176095622819     -2.290624352291      7.244087949576
    1     -2.210992468468     -2.303330937236      7.046942115086
    1     -3.599612524045     -1.568296347115      6.668107358495
    8     -0.863988011036      3.136179477711      6.694622373764
    1      0.013104211562      2.710774045606      6.818115351960
    1     -0.746915589442      3.614287474948      5.836133921805
    8      1.247914178209      9.364816127641      5.808854601780
    8     -0.136278519464      8.841000252861      5.921627997934
    0    0
