   2   1   1 E -1.7734909112130E+04 DE-9.8E-08(  7)
  0.112189094354E+02  0.400932979680E-02  0.000000000000E+00
 -0.560607133502E+01  0.973008063129E+01  0.000000000000E+00
  0.000000000000E+00  0.000000000000E+00  0.500000000000E+03
    1
  0.100000000000E+01  0.000000000000E+00  0.000000000000E+00
  0.000000000000E+00  0.100000000000E+01  0.000000000000E+00
  0.000000000000E+00  0.000000000000E+00  0.100000000000E+01
  0.000000000000E+00  0.000000000000E+00  0.000000000000E+00
  111
    8     -1.810091522608      1.073884061856      4.118506434057
    8     13.067625454450      5.433658690803      0.883262490882
    8     16.853169957767      5.426900193379      0.851245201202
    8      1.834542686719      1.242385111627      4.220439408419
    8     11.075725007601      4.262869189846      4.224278694036
    8     -5.691169197013      1.291126704547      4.098152287787
    8     13.059678165734      3.303771345776      2.449393100467
    8     11.181664829953      6.500359316032      2.551186822763
  258      1.838791441734     -1.044668079149      3.420979906325
  258     -0.029102915746      2.149728009316      3.271373262608
  258      3.730637663910     -4.379034792285      3.231475759341
  258      5.697186674277     -1.003260389310      3.694472301122
  258      3.741387964047      2.174338741550      3.248318684074
  258      7.486035785406     -4.323092394889      3.353858358145
  258     -1.880015880556     -1.078208672077      3.269718012194
  258     -3.748158074281      2.180552784513      3.374657844942
  258      0.011726142969     -4.321927054025      3.245662117185
    8     -0.005111282066      0.001637790341      2.456425113645
    8     -1.893080453596      3.216921851535      2.419026215251
    8     18.726871385995      4.382191231000      4.091238942110
    8      3.779779555757     -0.053774730755      2.587043054126
    8     15.024516918769      4.299274748131      4.150550310892
    8     16.855525898443      3.301905648253      2.397048260257
    8     -3.770522612453      0.026309466486      2.558660490747
    8     16.693749903475      7.525788693176      4.209197759685
    8     13.221139729229      7.460203864667      4.059904421052
    8      1.889455790251     -1.065912664190      0.876096554536
    8      0.002572143809      2.176154621534      0.876917557341
    8      3.744339785286     -4.333656210265      0.876425396810
    8      5.626892177084     -1.079224111555      0.855244867550
    8      3.729100508008      2.148356249282      0.907024448623
    8     18.713044420502      6.518805687456      2.458993731906
    8     -1.905132398257     -1.082728137437      0.907936420344
    8     -3.746178390439      2.143734394830      0.872132821485
    8     14.988488163510      6.439083512658      2.404236447559
  258      0.009756721278     -0.000206604152      0.085046495382
  258     -1.876173033385      3.230348905748      0.062297707322
  258      1.872721746886     -3.221327993215      0.088071948866
  258      3.749350963625     -0.016923407936      0.137366711096
  258      1.860328896752      3.253352234916      0.076699754200
  258      5.613665848407     -3.217329628696      0.122666680640
  258     -3.761878634792     -0.002302906366      0.109943009297
  258     -5.598060260158      3.240051671299      0.077403569739
  258     -1.876668131057     -3.242050079383      0.078459430137
    8     -1.881555931038      1.082554152980     -0.792790233566
    8     -3.734044073632      4.321039765058     -0.794887096523
    8     -0.007504950915     -2.162737954127     -0.789584522084
    8      1.883620337735      1.099489031631     -0.787766718863
    8      0.000683347278      4.327798449960     -0.792475423761
    8      3.742170128572     -2.163918114612     -0.780180880717
    8     -5.618809960787      1.087572201457     -0.784073510283
    8     -7.482814699930      4.319168989080     -0.780055101459
    8     -3.734874845175     -2.163223192213     -0.794615048800
    8      0.000000000000      0.000000000000     -2.343480358560
    8     -1.868690445007      3.243360210428     -2.343480358560
    8      1.868690445012     -3.243360210423     -2.343480358560
    8      3.739636478441      0.001336443260     -2.343480358560
    8      1.870946033428      3.244696653694     -2.343480358560
    8      5.608326923462     -3.242023767163     -2.343480358560
    8     -3.739636478441     -0.001336443270     -2.343480358560
    8     -5.608326923462      3.242023767163     -2.343480358560
    8     -1.870946033433     -3.244696653689     -2.343480358560
  258     -1.869442307817      1.080674589053     -3.124640478080
  258     -3.738132752819      4.324034799486     -3.124640478080
  258     -0.000751862805     -2.162685621372     -3.124640478080
  258      1.870194170623      1.082011032318     -3.124640478080
  258      0.001503725614      4.325371242747     -3.124640478080
  258      3.738884615635     -2.161349178109     -3.124640478080
  258     -5.609078786300      1.079338145776     -3.124640478080
  258     -7.477769231267      4.322698356226     -3.124640478080
  258     -3.740388341250     -2.164022064639     -3.124640478080
    8      1.869442307817     -1.080674589053     -3.905800597599
    8      0.000751862805      2.162685621372     -3.905800597599
    8      3.738132752819     -4.324034799486     -3.905800597599
    8      5.609078786300     -1.079338145776     -3.905800597599
    8      3.740388341254      2.164022064640     -3.905800597599
    8      7.477769231267     -4.322698356226     -3.905800597599
    8     -1.870194170623     -1.082011032318     -3.905800597599
    8     -3.738884615638      2.161349178108     -3.905800597599
    8     -0.001503725615     -4.325371242748     -3.905800597599
    8     -3.824537630391      2.149145515131      5.985413426663
    1     -2.880755365457      2.198395406480      6.241638763858
    8      1.957338236037      2.371997440530      6.622908950172
    1      2.120159722413      3.318889335268      6.413562561221
    1      1.891157405854      1.894729597603      5.734037010375
    1     -4.123569795919      1.162150753222      6.028584433261
    8     -7.537180756416      0.293112302369      7.548614930121
    1     -6.788378371403      0.003512859402      6.941060258813
    1      3.327664028330      1.152777242635      7.215397958270
    1      7.556853239765     -3.641816106243      6.464806077270
    8      7.318269307815     -4.508068269516      5.989796804953
    8     -0.346216038212     -2.646002105282      6.778397420494
    1     -0.327415531318     -2.434622338211      5.784529066972
    1     -0.255623612297     -3.633495699988      6.784130334003
    8      3.753594998445     -2.347615406312      4.439880808381
    1      3.446295198939     -2.223324400310      5.361286979125
    8      2.007806421484     -1.303544260926      6.151150871089
    1      2.502019035662     -0.695042107939      6.766844397317
    1      1.240020848909     -1.733707421391      6.593421048421
    1      6.348604660817     -4.602254062064      5.974582656228
    1     -6.590907397795      4.193971664542      5.741799520022
    8     -5.906263202043      4.315076840340      6.451047450009
    1     -5.173346992953      3.691483450083      6.252145067989
    8     -3.175528573854     -2.292440407898      7.242515346270
    1     -2.209205017402     -2.308648768034      7.050923123675
    1     -3.590336297714     -1.566961411410      6.663997541356
    8     -0.878354513443      3.133094724035      6.699385406771
    1     -0.000203320762      2.708410090789      6.818972815596
    1     -0.764103938577      3.615110521889      5.843408238308
    8      1.249588680427      9.364049979719      5.807312576827
    8     -0.131759638640      8.833760353001      5.921053368737
    0    0
