   2   1   1 E -1.7734909082092E+04 DE-1.2E-06( 10)
  0.112188527298E+02  0.452980022524E-02  0.000000000000E+00
 -0.560559149573E+01  0.972979093991E+01  0.000000000000E+00
  0.000000000000E+00  0.000000000000E+00  0.500000000000E+03
    1
  0.100000000000E+01  0.000000000000E+00  0.000000000000E+00
  0.000000000000E+00  0.100000000000E+01  0.000000000000E+00
  0.000000000000E+00  0.000000000000E+00  0.100000000000E+01
  0.000000000000E+00  0.000000000000E+00  0.000000000000E+00
  111
    8     -1.811066857094      1.073461182929      4.119012996815
    8     13.066992728187      5.434525504711      0.883094574117
    8     16.852578869383      5.427958765009      0.850402582688
    8      1.833872094674      1.244605064330      4.221046034728
    8     11.075941333287      4.263919714976      4.224025201019
    8     -5.691114357366      1.292243499512      4.098853330148
    8     13.059484717031      3.304715648009      2.448728537812
    8     11.181007587105      6.501403488403      2.551219484897
  258      1.837874770704     -1.044816705568      3.425501214990
  258     -0.029517912021      2.149761819005      3.271074880832
  258      3.729424667822     -4.378707133362      3.231662832437
  258      5.695510789032     -1.002515236222      3.695913019415
  258      3.741474994267      2.174790931553      3.247875805470
  258      7.485416906232     -4.322150452489      3.354342522699
  258     -1.881028641200     -1.077772473212      3.269749210732
  258     -3.748103057011      2.180490567661      3.374993681585
  258      0.010378108536     -4.322068529338      3.243661173434
    8     -0.006622517167      0.001956505995      2.455987739525
    8     -1.893323236827      3.216762583373      2.419345800672
    8     18.724994262785      4.383221044795      4.091130161260
    8      3.781213587572     -0.053377367658      2.586832382955
    8     15.024263471549      4.300474361474      4.150422697940
    8     16.855508387857      3.301889343315      2.395756238818
    8     -3.771492536236      0.025827396146      2.558382738997
    8     16.691230989673      7.524820107018      4.209006052005
    8     13.220353748545      7.461083255468      4.060952877058
    8      1.887607155633     -1.064711112196      0.874662196399
    8      0.002605762261      2.174442054383      0.876857584703
    8      3.744210722226     -4.334216176174      0.876521785458
    8      5.627268589372     -1.078871022563      0.853854228373
    8      3.728577337603      2.148647098344      0.906816576402
    8     18.713433444622      6.518569171185      2.457633244758
    8     -1.903869750975     -1.081677334550      0.907491129832
    8     -3.745143109497      2.143493030153      0.871486037908
    8     14.987068738366      6.440150781971      2.402884570320
  258      0.010123564864     -0.000249853790      0.085812249751
  258     -1.876261757717      3.230183971925      0.062268354570
  258      1.872348078131     -3.220876914715      0.088231550991
  258      3.748954365045     -0.016743415020      0.138269764876
  258      1.860020592033      3.253750394853      0.077216945130
  258      5.612945557024     -3.217128834191      0.123164741929
  258     -3.761958022573     -0.002404274900      0.109846759809
  258     -5.598002172722      3.239593878737      0.076462946701
  258     -1.877853807493     -3.242141788860      0.078315467978
    8     -1.880223644436      1.081656024226     -0.793025587431
    8     -3.733842718168      4.320613923725     -0.794855350277
    8     -0.008855432200     -2.161235288610     -0.789301358733
    8      1.882032297294      1.099174737449     -0.788107034191
    8      0.000797668098      4.327391491890     -0.792471939121
    8      3.741553672167     -2.164035151667     -0.779568390665
    8     -5.618769608143      1.087451244267     -0.784321592719
    8     -7.483098753920      4.318605024505     -0.779934758247
    8     -3.734897147291     -2.163298324318     -0.794745094197
    8      0.000000000000      0.000000000000     -2.343480358560
    8     -1.868530498577      3.243263646636     -2.343480358560
    8      1.868530498582     -3.243263646631     -2.343480358560
    8      3.739617576555      0.001509933403     -2.343480358560
    8      1.871087077972      3.244773580044     -2.343480358560
    8      5.608148075146     -3.241753713228     -2.343480358560
    8     -3.739617576555     -0.001509933413     -2.343480358560
    8     -5.608148075146      3.241753713228     -2.343480358560
    8     -1.871087077977     -3.244773580039     -2.343480358560
  258     -1.869382691712      1.080584571075     -3.124640478080
  258     -3.737913190284      4.323848217716     -3.124640478080
  258     -0.000852193130     -2.162679075558     -3.124640478080
  258      1.870234884843      1.082094504483     -3.124640478080
  258      0.001704386264      4.325358151120     -3.124640478080
  258      3.738765383424     -2.161169142152     -3.124640478080
  258     -5.609000268308      1.079074637654     -3.124640478080
  258     -7.477530766846      4.322338284312     -3.124640478080
  258     -3.740469769689     -2.164189008968     -3.124640478080
    8      1.869382691712     -1.080584571075     -3.905800597599
    8      0.000852193130      2.162679075558     -3.905800597599
    8      3.737913190284     -4.323848217716     -3.905800597599
    8      5.609000268308     -1.079074637654     -3.905800597599
    8      3.740469769693      2.164189008969     -3.905800597599
    8      7.477530766846     -4.322338284312     -3.905800597599
    8     -1.870234884843     -1.082094504483     -3.905800597599
    8     -3.738765383427      2.161169142151     -3.905800597599
    8     -0.001704386265     -4.325358151120     -3.905800597599
    8     -3.823452982170      2.147140320756      5.984632604696
    1     -2.879280988495      2.193039402785      6.239365283916
    8      1.966944855577      2.369781881612      6.622642448973
    1      2.130077365663      3.317134093291      6.415935540319
    1      1.895789814073      1.895495703072      5.732171382906
    1     -4.125672467621      1.161057360785      6.028004931676
    8     -7.544887795260      0.292557207993      7.556012735276
    1     -6.796552098372      0.007261663368      6.946479890816
    1      3.312196794490      1.150111132352      7.221709864675
    1      7.559683412184     -3.644350658237      6.468418263733
    8      7.320790488159     -4.509288012052      5.990905076848
    8     -0.347837512289     -2.650193486201      6.777869056614
    1     -0.328869999955     -2.438441685745      5.784190562340
    1     -0.258942044818     -3.637921725952      6.783842759762
    8      3.752900737189     -2.348462920004      4.441176477169
    1      3.449768279072     -2.225781268646      5.364039906283
    8      2.004159597838     -1.304475269462      6.153701522092
    1      2.498233582950     -0.697947856226      6.771649273009
    1      1.236559152319     -1.736374164275      6.594787073741
    1      6.351332564888     -4.604700742542      5.979636417031
    1     -6.591742873664      4.191238048836      5.741842803740
    8     -5.909087111665      4.310413931633      6.453231511269
    1     -5.173309065766      3.691389742589      6.251738305501
    8     -3.176825110732     -2.293510103550      7.243020834511
    1     -2.211338677530     -2.304563419276      7.047385144831
    1     -3.599529729220     -1.570912563360      6.666690125671
    8     -0.870163481347      3.131702481771      6.695644450844
    1      0.007287591417      2.706571872114      6.818027597383
    1     -0.753409657087      3.613194785897      5.839309585845
    8      1.245209472729      9.363000594122      5.809860234234
    8     -0.138414622815      8.837414076056      5.921517681447
    0    0
