   2   1   1 E -1.7734909105201E+04 DE-7.1E-07(  6)
  0.112189380021E+02  0.402015155782E-02  0.000000000000E+00
 -0.560607619080E+01  0.972997405949E+01  0.000000000000E+00
  0.000000000000E+00  0.000000000000E+00  0.500000000000E+03
    1
  0.100000000000E+01  0.000000000000E+00  0.000000000000E+00
  0.000000000000E+00  0.100000000000E+01  0.000000000000E+00
  0.000000000000E+00  0.000000000000E+00  0.100000000000E+01
  0.000000000000E+00  0.000000000000E+00  0.000000000000E+00
  111
    8     -1.809820155464      1.073700661430      4.118307516793
    8     13.067446873789      5.433470502343      0.882887421047
    8     16.853041611892      5.426837887177      0.851102996680
    8      1.834586213514      1.243123747709      4.221055193688
    8     11.075632692411      4.263143257817      4.225180789488
    8     -5.690814241338      1.291556713187      4.098397259377
    8     13.059080221989      3.304198769492      2.449707005218
    8     11.181810757437      6.500627843739      2.551939212016
  258      1.839000875498     -1.044530699094      3.422473142030
  258     -0.029070570691      2.149476033689      3.271600458631
  258      3.730619366272     -4.378926490116      3.231942708444
  258      5.697201790672     -1.003339801056      3.695452547453
  258      3.741680205010      2.174572910386      3.248582672368
  258      7.485945952888     -4.323225601207      3.355022440670
  258     -1.879945824027     -1.078395286104      3.269500258391
  258     -3.748268475258      2.180417615634      3.374119865801
  258      0.011723283504     -4.321483384690      3.245053083477
    8     -0.005136668478      0.001663951216      2.456015748828
    8     -1.893104705899      3.217205888637      2.419223958911
    8     18.726014335157      4.382610528556      4.091303369171
    8      3.780265952172     -0.053253511251      2.586810896633
    8     15.024992842324      4.299629517401      4.150142003022
    8     16.855407933793      3.301545449934      2.396766362875
    8     -3.770726883358      0.026108887773      2.558724663398
    8     16.692815683875      7.524949816115      4.209398676006
    8     13.221549099196      7.459872861373      4.061010923535
    8      1.888912731974     -1.065444865058      0.875208951392
    8      0.002538753534      2.175595100976      0.876795714877
    8      3.744800352918     -4.333629659217      0.876514993998
    8      5.626932507828     -1.079380639628      0.854495716875
    8      3.728511908139      2.148691907056      0.906881411090
    8     18.713500016471      6.518688435355      2.458299662158
    8     -1.904855147658     -1.082332435043      0.907688796571
    8     -3.745873971055      2.143748165776      0.871940374586
    8     14.987986406738      6.439349190120      2.403701230687
  258      0.009559011277     -0.000089331905      0.085085312535
  258     -1.876010182321      3.230573470852      0.062502470864
  258      1.872904343877     -3.221270961697      0.088603242063
  258      3.749117442388     -0.016984338987      0.138108208035
  258      1.860431437501      3.253433385301      0.076822343405
  258      5.613837224426     -3.217394433051      0.122546371646
  258     -3.762154938321     -0.002338350478      0.109816890201
  258     -5.598117357697      3.240012172721      0.077537848674
  258     -1.876689338373     -3.242027622363      0.078370180870
    8     -1.881109474306      1.082222023418     -0.792657088863
    8     -3.733883681497      4.321005788044     -0.795017829320
    8     -0.007777461188     -2.162242090325     -0.789743838344
    8      1.882875696684      1.099333952200     -0.787813455150
    8      0.000481650999      4.327523748752     -0.792562492034
    8      3.742136246125     -2.163998154422     -0.780214523747
    8     -5.618801772201      1.087824539430     -0.783944792796
    8     -7.482768525013      4.319182969897     -0.780247395321
    8     -3.734629456919     -2.163203432360     -0.794684733027
    8      0.000000000000      0.000000000000     -2.343480358560
    8     -1.868692063599      3.243324686494     -2.343480358560
    8      1.868692063604     -3.243324686489     -2.343480358560
    8      3.739646000672      0.001340050513     -2.343480358560
    8      1.870953937068      3.244664737013     -2.343480358560
    8      5.608338064285     -3.241984635975     -2.343480358560
    8     -3.739646000672     -0.001340050523     -2.343480358560
    8     -5.608338064285      3.241984635975     -2.343480358560
    8     -1.870953937073     -3.244664737008     -2.343480358560
  258     -1.869446021424      1.080661545324     -3.124640478080
  258     -3.738138085018      4.323986231823     -3.124640478080
  258     -0.000753957822     -2.162663141167     -3.124640478080
  258      1.870199979247      1.082001595843     -3.124640478080
  258      0.001507915646      4.325326282338     -3.124640478080
  258      3.738892042850     -2.161323090650     -3.124640478080
  258     -5.609092022138      1.079321494793     -3.124640478080
  258     -7.477784085697      4.322646181309     -3.124640478080
  258     -3.740399958497     -2.164003191688     -3.124640478080
    8      1.869446021424     -1.080661545324     -3.905800597599
    8      0.000753957822      2.162663141167     -3.905800597599
    8      3.738138085018     -4.323986231823     -3.905800597599
    8      5.609092022138     -1.079321494793     -3.905800597599
    8      3.740399958501      2.164003191689     -3.905800597599
    8      7.477784085697     -4.322646181309     -3.905800597599
    8     -1.870199979247     -1.082001595843     -3.905800597599
    8     -3.738892042853      2.161323090649     -3.905800597599
    8     -0.001507915647     -4.325326282339     -3.905800597599
    8     -3.823052972698      2.149151717905      5.984565056064
    1     -2.879112244143      2.198158410027      6.240607579018
    8      1.952886694211      2.368814684825      6.623979503632
    1      2.117026387279      3.315948770059      6.416913714107
    1      1.888323821709      1.893744920086      5.733539238690
    1     -4.122885431861      1.163030863088      6.029044297184
    8     -7.538736977094      0.293594536468      7.553693897468
    1     -6.791318182092      0.005568000728      6.943838164498
    1      3.320862864828      1.150939705675      7.219674433809
    1      7.556276150561     -3.645007582218      6.468005891140
    8      7.318407763463     -4.510381610326      5.991043063015
    8     -0.347388637900     -2.644781088805      6.778417101504
    1     -0.328933130411     -2.433987122562      5.784337810147
    1     -0.257039695234     -3.632299020476      6.784766421461
    8      3.753325800807     -2.348104898982      4.440472715620
    1      3.446832215956     -2.224078186779      5.362196972282
    8      2.006794936233     -1.304456367330      6.153222006923
    1      2.501327808389     -0.697907567392      6.770146512531
    1      1.238716737812     -1.735101432557      6.594839594722
    1      6.348693154190     -4.604662709872      5.974206335564
    1     -6.591953115351      4.194704739433      5.744029666193
    8     -5.907783487544      4.314824224948      6.453757396996
    1     -5.172787707626      3.695156566877      6.250984716371
    8     -3.177662238245     -2.293334254473      7.243364921172
    1     -2.211909623036     -2.306534766412      7.049364116426
    1     -3.597387351767     -1.570168282261      6.665520124031
    8     -0.881964518511      3.131347345828      6.698207084407
    1     -0.004356985239      2.705692790402      6.818324214597
    1     -0.766104380383      3.614844356828      5.843246581178
    8      1.246802871640      9.362820437349      5.808272832019
    8     -0.135615802234      8.835260749614      5.921401652497
    0    0
