   2   1   1 E -1.7734586186205E+04 DE 6.0E-05( 35)
  0.112657343374E+02 -0.947540900416E-02  0.000000000000E+00
 -0.564117390950E+01  0.975779198636E+01  0.000000000000E+00
  0.000000000000E+00  0.000000000000E+00  0.500000000000E+03
    1
  0.100000000000E+01  0.000000000000E+00  0.000000000000E+00
  0.000000000000E+00  0.100000000000E+01  0.000000000000E+00
  0.000000000000E+00  0.000000000000E+00  0.100000000000E+01
  0.000000000000E+00  0.000000000000E+00  0.000000000000E+00
  111
    8     -1.838729728237      1.023756745590      4.072981498108
    8     13.100367647801      5.421647452785      0.913082205393
    8     16.960372098634      5.445227692416      0.907549029946
    8      1.881222694815      1.127492537531      4.231191758147
    8     11.221118664490      4.278798867941      4.129736410910
    8     -5.673216137475      1.169827021017      4.159866254493
    8     13.137281564451      3.242641935463      2.437357816762
    8     11.207215752642      6.476376964337      2.524017016157
  258      1.839741356909     -1.051495487943      3.258316611227
  258     -0.012717076116      2.164075345227      3.308203205778
  258      3.766970037972     -4.412779505917      3.267054521662
  258      5.674605329652     -1.061621682278      3.258645287361
  258      3.755443892631      2.174390656560      3.248429951707
  258      7.522936367197     -4.339826274092      3.309733576356
  258     -1.886715060720     -1.064233636437      3.239664916467
  258     -3.744211778981      2.181497957474      3.290635709102
  258      0.034528677391     -4.336862930454      3.316260527424
    8      0.026090318155      0.030280162462      2.427678129223
    8     -1.844038822768      3.205505986361      2.417989719155
    8     18.857757609185      4.277060003969      4.022278529850
    8      3.699970136977     -0.054188638211      2.493046098742
    8     14.934449581210      4.233478923849      4.153330923594
    8     16.875719659847      3.220656242872      2.424904614904
    8     -3.727827507763      0.036177018774      2.427651826970
    8     16.857990737189      7.678093232297      4.136696991703
    8     13.224056868219      7.602150100274      4.185698424654
    8      1.847820188326     -1.083805333810      0.877110392948
    8      0.014100490448      2.167240854815      0.855804588551
    8      3.743286121272     -4.362551306299      0.881569729599
    8      5.634025180022     -1.091390548189      0.872049848631
    8      3.744506167283      2.126505340259      0.901870203575
    8     18.910034992547      6.596458010980      2.542619118404
    8     -1.858930885146     -1.088359359610      0.873567068444
    8     -3.761499231602      2.193180607877      0.860627448424
    8     14.986037440105      6.476378970531      2.448231676129
  258      0.005867727297      0.005850003644      0.041837353089
  258     -1.872062801537      3.247174150750      0.042168512780
  258      1.883414165554     -3.250853644908      0.057151660512
  258      3.755403295333     -0.004775143683      0.066355194352
  258      1.869420186866      3.251698002464      0.072106495738
  258      5.639715689535     -3.258896902138      0.077427272551
  258     -3.756216887489      0.006927043782      0.055466163546
  258     -5.626587717086      3.260257520605      0.082002246814
  258     -1.870148027793     -3.247271361596      0.088270545455
    8     -1.869304311508      1.087143989165     -0.788260765479
    8     -3.765198973689      4.343703355416     -0.793155944790
    8      0.003833442899     -2.168210321369     -0.797657268979
    8      1.884074767243      1.079356053529     -0.789028580332
    8      0.001758156711      4.344639486958     -0.770168435869
    8      3.752170284139     -2.175669370834     -0.770895139071
    8     -5.648428604603      1.101392462502     -0.784534312230
    8     -7.506198332638      4.345956654657     -0.735942970718
    8     -3.752239484029     -2.182449543935     -0.780614639390
    8      0.000000000000      0.000000000000     -2.343480358560
    8     -1.880391303163      3.252597328785     -2.343480358560
    8      1.880391303168     -3.252597328780     -2.343480358560
    8      3.755244779127     -0.003158469674     -2.343480358560
    8      1.874853475959      3.249438859119     -2.343480358560
    8      5.635636082305     -3.255755798455     -2.343480358560
    8     -3.755244779127      0.003158469664     -2.343480358560
    8     -5.635636082305      3.255755798455     -2.343480358560
    8     -1.874853475964     -3.249438859114     -2.343480358560
  258     -1.878545360766      1.085251932816     -3.124640478080
  258     -3.758936663922      4.337849261607     -3.124640478080
  258      0.001845942402     -2.167345395964     -3.124640478080
  258      1.876699418363      1.082093463148     -3.124640478080
  258     -0.003691884803      4.334690791936     -3.124640478080
  258      3.757090721529     -2.170503865636     -3.124640478080
  258     -5.633790139935      1.088410402473     -3.124640478080
  258     -7.514181443055      4.341007731279     -3.124640478080
  258     -3.753398836726     -2.164186926300     -3.124640478080
    8      1.878545360766     -1.085251932816     -3.905800597599
    8     -0.001845942402      2.167345395964     -3.905800597599
    8      3.758936663922     -4.337849261607     -3.905800597599
    8      5.633790139935     -1.088410402473     -3.905800597599
    8      3.753398836730      2.164186926301     -3.905800597599
    8      7.514181443055     -4.341007731279     -3.905800597599
    8     -1.876699418363     -1.082093463148     -3.905800597599
    8     -3.757090721532      2.170503865635     -3.905800597599
    8      0.003691884802     -4.334690791937     -3.905800597599
    8     -3.357014518013      2.127350084273      5.917903064839
    1     -2.549495488486      1.573947728756      5.879536226992
    8      2.462445782856      2.522417511703      6.560771006542
    1      2.349720275517      3.478480187655      6.324962942939
    1      2.272746172068      2.011073300015      5.727384968632
    1     -4.023095869706      1.743062980486      6.513035467224
    8     -5.985845315607      1.961516867370      6.687516143303
    1     -5.887004151296      1.589088245571      5.758300823197
    1      4.315638074694      2.090138021591      6.814316287530
    1      7.555309200448     -3.719162881170      6.507921127216
    8      7.272248690178     -4.578455457851      6.075182728084
    8     -0.379866664035     -2.276619234236      6.697819517695
    1     -0.287878382746     -2.150624764624      5.689711143998
    1     -0.307398412227     -3.262934259337      6.748597699622
    8      3.824620635930     -2.211269699252      4.372262987054
    1      3.495012134286     -2.144559591717      5.310583593653
    8      2.043953069473     -0.960671467593      6.135020390739
    1      1.855930530953     -0.046747287736      5.830673284450
    1      1.210905092274     -1.353438435713      6.486817545971
    1      6.288913601537     -4.585287058365      6.021591074560
    1     -6.843213439351      4.557788981996      5.581285375178
    8     -6.036647898660      4.830662904643      6.118980370466
    1     -5.598284079644      3.978967720253      6.336350223517
    8     -3.184368827653     -2.139375287271      6.821415797914
    1     -2.194554617958     -2.153506367854      6.835395287140
    1     -3.416391206985     -1.996168226222      5.853933066524
    8     -0.354063728435      2.393533554132      6.124882514239
    1      0.546112752200      2.415409866693      6.512001412919
    1     -0.605611840783      3.342696781860      6.035106070151
    8      4.180161846836     14.884443261109      7.718963923945
    8      3.910894681317     15.068833320140      6.422978509963
    0    0
