   2   1   1 E -1.7735437984554E+04 DE-5.9E-07(  5)
  0.113057859015E+02 -0.750905082176E-02  0.000000000000E+00
 -0.565952071988E+01  0.981993000629E+01  0.000000000000E+00
  0.000000000000E+00  0.000000000000E+00  0.500000000000E+03
    1
  0.100000000000E+01  0.000000000000E+00  0.000000000000E+00
  0.000000000000E+00  0.100000000000E+01  0.000000000000E+00
  0.000000000000E+00  0.000000000000E+00  0.100000000000E+01
  0.000000000000E+00  0.000000000000E+00  0.000000000000E+00
  113
    8     -1.804644436762      1.083511013622      4.061239324251
    8     -3.736859116822      4.264276155815      3.827776397223
    8      0.045629080552     -2.002531651093      4.039975734933
    8      1.855378750500      1.104689774327      4.067024795533
    8     -0.113106336503      4.227809014033      4.082062281087
    8     -5.702046047488      1.079122879712      4.028839954462
    8     -7.441689070638      4.250699072325      4.089141196740
    8     -3.867897214910     -2.020777419059      4.054353011300
  258      1.825649331012     -1.002120202078      3.184319496413
  258      0.012402073856      2.173107347929      3.145770047350
  258      3.754364242085     -4.529317471077      3.177424112787
  258      5.724043030540     -1.040358738658      3.153578162175
  258      3.767237015482      2.215956912938      3.171909857151
  258      7.523792187029     -4.349621967374      3.367800557895
  258     -1.873343718651     -1.069998531134      3.263104507201
  258     -3.779869669062      2.159235269467      3.263963169349
  258      0.015879335723     -4.387692344733      3.362169203520
    8      0.008520644265      0.030213893042      2.348405228438
    8     -1.866422820389      3.199104741117      2.343257051296
    8      2.050782004184     -3.160045128761      2.571923750515
    8      3.745227999561     -0.071300610305      2.404115949875
    8      1.883384056639      3.255890320245      2.388434946692
    8      5.458763984874     -3.209286880801      2.551483843656
    8     -3.743735342501      0.052375472611      2.393344130809
    8     -5.667629325946      3.243403150504      2.386892072488
    8     -1.842127630512     -3.235840405611      2.525153735863
    8      1.861483985088     -1.093665129910      0.834819607431
    8      0.012003298115      2.184251430738      0.800112484186
    8      3.756993684143     -4.407175325521      0.837525222375
    8      5.685839058305     -1.090780135127      0.845560926095
    8      3.762943361113      2.158035109692      0.845107321099
    8      7.501114039164     -4.314000860432      0.891158282432
    8     -1.887164882305     -1.095460060481      0.860318338882
    8     -3.776633263958      2.186778463183      0.815025966383
    8      0.059266738661     -4.324690957566      0.932763118868
  258     -0.001650648833     -0.003919289335      0.002345980401
  258     -1.893762311653      3.262070669352      0.002751393721
  258      1.885301654015     -3.272099404600      0.056978393722
  258      3.765875078273     -0.002951635986      0.018930791300
  258      1.883511688706      3.293734077565      0.043082519707
  258      5.658338750082     -3.277265797068      0.049150186302
  258     -3.759889051062      0.008899815776      0.013498713050
  258     -5.643904168693      3.286328032502      0.053788898686
  258     -1.882043208934     -3.263585280101      0.098503377103
    8     -1.883370895927      1.084019044904     -0.795548750871
    8     -3.784992693548      4.380519186505     -0.783057868817
    8     -0.002334463250     -2.195597168774     -0.772430309143
    8      1.893202061337      1.088470593560     -0.786222478774
    8      0.004162671962      4.376980220311     -0.780854007725
    8      3.771076824938     -2.186170802799     -0.760145007785
    8     -5.659625529415      1.094238291553     -0.780737173247
    8     -7.529596652897      4.392974537856     -0.733877034251
    8     -3.760794610340     -2.179623168939     -0.775042419779
    8      0.000000000000      0.000000000000     -2.343480358560
    8     -1.886506906626      3.273310002108     -2.343480358560
    8      1.886506906630     -3.273310002103     -2.343480358560
    8      3.768595300455     -0.002503016944     -2.343480358560
    8      1.882088393823      3.270806985163     -2.343480358560
    8      5.655102207095     -3.275813019045     -2.343480358560
    8     -3.768595300455      0.002503016934     -2.343480358560
    8     -5.655102207095      3.275813019045     -2.343480358560
    8     -1.882088393830     -3.270806985159     -2.343480358560
  258     -1.885034069027      1.091937673013     -3.124640478080
  258     -3.771540975647      4.365247675126     -3.124640478080
  258      0.001472837604     -2.181372329088     -3.124640478080
  258      1.883561231423      1.089434656076     -3.124640478080
  258     -0.002945675201      4.362744658180     -3.124640478080
  258      3.770068138056     -2.183875346032     -3.124640478080
  258     -5.653629369520      1.094440689944     -3.124640478080
  258     -7.540136276106      4.367750692072     -3.124640478080
  258     -3.767122462855     -2.178869312147     -3.124640478080
    8      1.885034069027     -1.091937673013     -3.905800597599
    8     -0.001472837604      2.181372329088     -3.905800597599
    8      3.771540975647     -4.365247675126     -3.905800597599
    8      5.653629369520     -1.094440689944     -3.905800597599
    8      3.767122462859      2.178869312148     -3.905800597599
    8      7.540136276106     -4.367750692072     -3.905800597599
    8     -1.883561231423     -1.089434656076     -3.905800597599
    8     -3.770068138058      2.183875346032     -3.905800597599
    8      0.002945675200     -4.362744658180     -3.905800597599
    1      5.708583023449      7.394467946419      5.530695837163
    8      2.235044141186      1.427292134265      6.716600766531
    1      1.980083422226      1.324236874717      5.761616473158
    1      1.900779325406      0.599983405977      7.130060614676
    8      3.795337359550     -1.588604346585      4.833078596078
    1      4.038831976745     -0.856181968334      5.531664514926
    1      3.630186458807     -2.448085737991      5.345866359486
    8     -6.677319151027      0.311320600329      6.346624625380
    1     -6.260986126104      0.750241581489      5.549396910481
    1      3.808571284946      0.833226549611      6.592112268279
    1      2.262032528645     -4.107245037008      5.775072034894
    8      3.289550550301     -3.939292556729      5.671175882618
    1      3.845751293127     -4.532380626272      6.247645065220
    1     -1.744516070322     17.377716069876      6.317120707476
    8     -2.198547148336     18.170989273193      5.967539541169
    1     -3.083151649067     17.857574836891      5.660565795708
    8     -1.394376250872      1.492066742672      6.605659087676
    1     -1.503301981120      1.218029184723      5.639104723808
    1     -1.331262989698      0.655355350768      7.095020597994
    1     -0.284497014763      4.175380778026      5.678303917149
    8     -0.429172643815      4.258831644178      6.671652080752
    1     -0.638607180649      3.344734634985      6.958729456843
    8      1.754885814542     11.978475040240      5.865862093685
    1      2.592692976927     11.766729443333      6.352760133951
    1      1.033699606246     11.486212424212      6.289672245108
    8     -9.482888113087     18.374052405117      7.383077281868
    1    -10.088504536473     17.625585272568      7.133680660663
    1     -8.742534066257     17.985684686065      7.872674936796
    8      0.082506399957     16.592142499552      6.334443859070
    1     -2.770269221262     14.475912045501      5.937466307273
    8     -3.531583266848     15.088557518540      5.963696342133
    1     -4.257027453231     14.675396289391      6.486250107226
    8      0.737553187094     15.445148666306      5.621687338794
    0    0
