   2   1   1 E -1.7735438284748E+04 DE-2.9E-06(  6)
  0.113052808694E+02 -0.696704448379E-02  0.000000000000E+00
 -0.565879705385E+01  0.981991139450E+01  0.000000000000E+00
  0.000000000000E+00  0.000000000000E+00  0.500000000000E+03
    1
  0.100000000000E+01  0.000000000000E+00  0.000000000000E+00
  0.000000000000E+00  0.100000000000E+01  0.000000000000E+00
  0.000000000000E+00  0.000000000000E+00  0.100000000000E+01
  0.000000000000E+00  0.000000000000E+00  0.000000000000E+00
  113
    8     -1.800640446057      1.084726465461      4.060410959928
    8     -3.741516570341      4.262638598689      3.828740549898
    8      0.050620579366     -2.004082217654      4.043000694770
    8      1.854016539546      1.104167449379      4.064313757225
    8     -0.116058524887      4.226269537967      4.081293840875
    8     -5.700316878254      1.083554208679      4.024589958855
    8     -7.435532286819      4.253680723153      4.086851841772
    8     -3.863170920087     -2.019834682630      4.056808028182
  258      1.828527483773     -0.999406479567      3.182677069657
  258      0.012094938327      2.172250155859      3.144278269124
  258      3.753117533102     -4.530599673608      3.180472781322
  258      5.725109915223     -1.038868032239      3.158705563000
  258      3.768912401693      2.219606403100      3.169767807356
  258      7.523006129914     -4.352038067944      3.373276578860
  258     -1.874568686781     -1.071461808230      3.267626354145
  258     -3.779230180155      2.158420816539      3.266420375231
  258      0.018038241784     -4.383150100676      3.353498293360
    8      0.008399835983      0.027502638629      2.347775702377
    8     -1.868726530490      3.198270708422      2.342280319350
    8      2.048043980964     -3.162503287969      2.572875355265
    8      3.745043995717     -0.070709576379      2.405598141455
    8      1.884077977336      3.255990008011      2.389372880251
    8      5.455685776352     -3.205576243397      2.557235352289
    8     -3.742465063184      0.051897687495      2.395697194554
    8     -5.666680884858      3.245479897402      2.381777388269
    8     -1.839294251850     -3.235170678827      2.527135062201
    8      1.863108952563     -1.095020392593      0.834498467548
    8      0.012461621487      2.184250261931      0.798650013187
    8      3.756975209624     -4.406156346323      0.839126009198
    8      5.685021478362     -1.090033828904      0.849097634520
    8      3.763910950457      2.157854647039      0.844445918059
    8      7.499900865225     -4.312752922196      0.892620042501
    8     -1.888878339232     -1.096675736771      0.861521139758
    8     -3.776764924733      2.185090454085      0.812527049904
    8      0.059197050952     -4.322911146364      0.929878941583
  258     -0.002677967227     -0.004336413583      0.003438706825
  258     -1.894312682845      3.262018760860      0.003179472438
  258      1.886602882309     -3.271667132294      0.055200331949
  258      3.766691815746     -0.002851520923      0.018297314954
  258      1.883072440205      3.294178670958      0.041802277724
  258      5.657791049972     -3.277152877327      0.051941892179
  258     -3.759781332092      0.008166679380      0.013863065648
  258     -5.643554518241      3.285403709778      0.054553402461
  258     -1.882807309051     -3.262566625902      0.097139157811
    8     -1.883101556004      1.083003579459     -0.794956726679
    8     -3.783544559665      4.380948661709     -0.783539021847
    8     -0.002631979022     -2.193842836783     -0.772609131260
    8      1.893153037182      1.088025057687     -0.785340763063
    8      0.003528715309      4.378027124614     -0.780037964071
    8      3.772111332695     -2.186314948693     -0.761337013189
    8     -5.659617692242      1.092929884059     -0.781741080540
    8     -7.530489798834      4.392989720735     -0.734004668427
    8     -3.761863693165     -2.179385092070     -0.775023733888
    8      0.000000000000      0.000000000000     -2.343480358560
    8     -1.886265684618      3.273303798178     -2.343480358560
    8      1.886265684622     -3.273303798173     -2.343480358560
    8      3.768426956416     -0.002322348164     -2.343480358560
    8      1.882161271792      3.270981450012     -2.343480358560
    8      5.654692641048     -3.275626146335     -2.343480358560
    8     -3.768426956416      0.002322348154     -2.343480358560
    8     -5.654692641048      3.275626146335     -2.343480358560
    8     -1.882161271799     -3.270981450008     -2.343480358560
  258     -1.884897547011      1.091875382110     -3.124640478080
  258     -3.771163231623      4.365179180293     -3.124640478080
  258      0.001368137612     -2.181428416061     -3.124640478080
  258      1.883529409400      1.089553033952     -3.124640478080
  258     -0.002736275216      4.362856832125     -3.124640478080
  258      3.769795094025     -2.183750764225     -3.124640478080
  258     -5.653324503466      1.094197730262     -3.124640478080
  258     -7.539590188043      4.367501528459     -3.124640478080
  258     -3.767058818809     -2.179106067899     -3.124640478080
    8      1.884897547011     -1.091875382110     -3.905800597599
    8     -0.001368137612      2.181428416061     -3.905800597599
    8      3.771163231623     -4.365179180293     -3.905800597599
    8      5.653324503466     -1.094197730262     -3.905800597599
    8      3.767058818813      2.179106067900     -3.905800597599
    8      7.539590188043     -4.367501528459     -3.905800597599
    8     -1.883529409400     -1.089553033952     -3.905800597599
    8     -3.769795094027      2.183750764225     -3.905800597599
    8      0.002736275215     -4.362856832125     -3.905800597599
    1      5.751772585774      7.415195287604      5.522818159079
    8      2.248099295027      1.504165741363      6.694867106697
    1      1.991568513210      1.368426923619      5.743794223093
    1      1.905818706668      0.694335584290      7.133710125766
    8      3.796128019983     -1.576617384036      4.844574116008
    1      4.025945103874     -0.851820845738      5.551772492411
    1      3.625765501923     -2.441680527061      5.349940778155
    8     -6.671408037352      0.338311940988      6.353838989751
    1     -6.249083229877      0.759993682571      5.551453035436
    1      3.818659653514      0.872902901385      6.580262829706
    1      2.234821264530     -4.095522493896      5.758690436719
    8      3.275317249242     -3.929257385718      5.662435206348
    1      3.816450970181     -4.517043842583      6.253874407245
    1     -1.673310724210     17.393094175829      6.321083776895
    8     -2.167519171614     18.160241538826      5.961545895730
    1     -3.052128632088     17.817240441987      5.691709849014
    8     -1.396170546595      1.455057003749      6.612840291663
    1     -1.500973895145      1.210443130347      5.638494840892
    1     -1.359762514769      0.600653410643      7.072742498127
    1     -0.301382229873      4.158284435741      5.679283441357
    8     -0.443113682199      4.235851063876      6.672797449453
    1     -0.641701999054      3.320794041789      6.962366199168
    8      1.769435407023     11.972266367010      5.864265198685
    1      2.597053579589     11.740391135794      6.358796338189
    1      1.020101625686     11.556320214674      6.315690026696
    8     -9.456466521368     18.448589303578      7.402515332341
    1    -10.031576485498     17.683665876729      7.135876138145
    1     -8.764872893762     18.091450413441      7.978027012578
    8      0.146999024637     16.634299511634      6.343386899994
    1     -2.771666616117     14.475802554793      5.958823791599
    8     -3.542229095604     15.076252446566      5.968139877680
    1     -4.266399409639     14.656888345697      6.488399832043
    8      0.741133471459     15.454573751048      5.632477229951
    0    0
