   2   1   1 E -1.7735438090047E+04 DE-1.3E-06(  5)
  0.113055712638E+02 -0.746667729725E-02  0.000000000000E+00
 -0.565937571903E+01  0.982104836910E+01  0.000000000000E+00
  0.000000000000E+00  0.000000000000E+00  0.500000000000E+03
    1
  0.100000000000E+01  0.000000000000E+00  0.000000000000E+00
  0.000000000000E+00  0.100000000000E+01  0.000000000000E+00
  0.000000000000E+00  0.000000000000E+00  0.100000000000E+01
  0.000000000000E+00  0.000000000000E+00  0.000000000000E+00
  113
    8     -1.802761929474      1.082838018817      4.059684745528
    8     -3.737939336547      4.263911817854      3.825169210152
    8      0.047382959323     -2.000619777785      4.043856481451
    8      1.855818428089      1.103981799930      4.064475052410
    8     -0.113378736429      4.226258304113      4.082609028417
    8     -5.701453541639      1.080136508303      4.026702847768
    8     -7.441503981840      4.251031483960      4.090112306437
    8     -3.866531333794     -2.020163124375      4.054715948545
  258      1.826813037594     -1.002362533141      3.184190749265
  258      0.011454435850      2.171876933324      3.144216438254
  258      3.753773365089     -4.531525329182      3.179865253583
  258      5.724149130198     -1.040772164905      3.154605256952
  258      3.767157503880      2.217645766093      3.173938595604
  258      7.522307127383     -4.351459165344      3.368535723765
  258     -1.872626781324     -1.071787931017      3.264799481205
  258     -3.780085031348      2.158358831311      3.262322684763
  258      0.015468153629     -4.387983636367      3.359237477398
    8      0.008093114430      0.027914683774      2.347509362374
    8     -1.865728725278      3.199267888415      2.343519660566
    8      2.050458792824     -3.159577510856      2.572571205252
    8      3.744578965796     -0.072211072095      2.404703042522
    8      1.883551816025      3.256220768746      2.387139005137
    8      5.456424588311     -3.209680805067      2.552970317827
    8     -3.742816112168      0.051342534611      2.393646601339
    8     -5.668845440471      3.244792466313      2.386663218715
    8     -1.840977220772     -3.237233076109      2.529013417921
    8      1.862149656332     -1.093654214666      0.834505337584
    8      0.011458397474      2.183218586974      0.797823327577
    8      3.754503375998     -4.408403317663      0.838240626968
    8      5.686107487271     -1.091268936190      0.846915944424
    8      3.763884124980      2.158152353346      0.845869966971
    8      7.501273941860     -4.313012371748      0.893301213929
    8     -1.887796084858     -1.097757236341      0.859167029575
    8     -3.776879778214      2.187376417922      0.817273767388
    8      0.058448275979     -4.325349526819      0.932345273995
  258     -0.001077789774     -0.005149282910      0.001736358557
  258     -1.893261120637      3.262118380596      0.003119274081
  258      1.885958329909     -3.272915023507      0.056164552406
  258      3.766086991367     -0.002898798174      0.019592108317
  258      1.883800999673      3.293441055041      0.043776997771
  258      5.657879498970     -3.277954105332      0.050382885414
  258     -3.759235812350      0.008682448846      0.014981829612
  258     -5.644018141618      3.286558143471      0.052451058237
  258     -1.882634789699     -3.264027703405      0.097670855818
    8     -1.884938498412      1.084220545513     -0.795016080919
    8     -3.784754913269      4.380030291459     -0.784618923116
    8     -0.001364795931     -2.195490953947     -0.771971522463
    8      1.893648344389      1.088370721202     -0.786525378961
    8      0.004672305387      4.378403612913     -0.779717783369
    8      3.771272165834     -2.186364934693     -0.759430532072
    8     -5.658956110548      1.094407890363     -0.779869897501
    8     -7.530525048404      4.393594650402     -0.734289632574
    8     -3.761829853418     -2.180800908894     -0.775535835476
    8      0.000000000000      0.000000000000     -2.343480358560
    8     -1.886458573009      3.273682789711     -2.343480358560
    8      1.886458573013     -3.273682789706     -2.343480358560
    8      3.768523754544     -0.002488892436     -2.343480358560
    8      1.882065181529      3.271193897274     -2.343480358560
    8      5.654982327567     -3.276171682139     -2.343480358560
    8     -3.768523754544      0.002488892426     -2.343480358560
    8     -5.654982327567      3.276171682139     -2.343480358560
    8     -1.882065181536     -3.271193897270     -2.343480358560
  258     -1.884994109184      1.092057227378     -3.124640478080
  258     -3.771452682187      4.365740017094     -3.124640478080
  258      0.001464463830     -2.181625562326     -3.124640478080
  258      1.883529645355      1.089568334949     -3.124640478080
  258     -0.002928927652      4.363251124655     -3.124640478080
  258      3.769988218371     -2.184114454761     -3.124640478080
  258     -5.653517863767      1.094546119801     -3.124640478080
  258     -7.539976436736      4.368228909532     -3.124640478080
  258     -3.767059290719     -2.179136669893     -3.124640478080
    8      1.884994109184     -1.092057227378     -3.905800597599
    8     -0.001464463830      2.181625562326     -3.905800597599
    8      3.771452682187     -4.365740017094     -3.905800597599
    8      5.653517863767     -1.094546119801     -3.905800597599
    8      3.767059290723      2.179136669894     -3.905800597599
    8      7.539976436736     -4.368228909532     -3.905800597599
    8     -1.883529645355     -1.089568334949     -3.905800597599
    8     -3.769988218373      2.184114454761     -3.905800597599
    8      0.002928927651     -4.363251124655     -3.905800597599
    1      5.729372328009      7.395485047916      5.527692616918
    8      2.246773405975      1.462558878013      6.703478143701
    1      1.986989359937      1.346527584953      5.751038261238
    1      1.903149537345      0.646079702273      7.129922396194
    8      3.797583304027     -1.590843025762      4.836473468406
    1      4.032613605424     -0.858712693700      5.537265994035
    1      3.626607937648     -2.451473504530      5.347761649125
    8     -6.678136985874      0.316980316432      6.349206406079
    1     -6.258223069724      0.747564067302      5.549994612761
    1      3.808374694717      0.845684234167      6.581376116700
    1      2.252139827083     -4.109800140452      5.772125908828
    8      3.283207278170     -3.939250971630      5.675061463076
    1      3.835605756723     -4.534729985413      6.249998174491
    1     -1.727896346050     17.373062372049      6.316708324286
    8     -2.187361538122     18.164781943369      5.970287814136
    1     -3.074727606593     17.848239507850      5.673430845272
    8     -1.394908101477      1.469824838366      6.607375795230
    1     -1.500865214378      1.208974494962      5.637340814145
    1     -1.346510838588      0.625059177861      7.084137106412
    1     -0.292021441970      4.163112702120      5.679306697859
    8     -0.435928768411      4.242034531828      6.673041622127
    1     -0.639098201786      3.326553470846      6.960331165463
    8      1.761715598579     11.980628869801      5.862923631744
    1      2.595890331033     11.756304601346      6.350241479967
    1      1.030273003275     11.509493451524      6.292850615016
    8     -9.479218159339     18.411488405587      7.376448096968
    1    -10.073121656075     17.655100526143      7.130005973459
    1     -8.743757114038     18.034504595793      7.880324045755
    8      0.106150217972     16.600035699659      6.334651181310
    1     -2.771167253730     14.477521559053      5.942509588049
    8     -3.533877012832     15.088292643577      5.964315807382
    1     -4.259408306515     14.671699599176      6.484013047213
    8      0.735531602586     15.440775426014      5.621781746482
    0    0
