   2   1   1 E -1.7735438284085E+04 DE-5.3E-06(  3)
  0.113047720694E+02 -0.700659143145E-02  0.000000000000E+00
 -0.565857665232E+01  0.982003383395E+01  0.000000000000E+00
  0.000000000000E+00  0.000000000000E+00  0.500000000000E+03
    1
  0.100000000000E+01  0.000000000000E+00  0.000000000000E+00
  0.000000000000E+00  0.100000000000E+01  0.000000000000E+00
  0.000000000000E+00  0.000000000000E+00  0.100000000000E+01
  0.000000000000E+00  0.000000000000E+00  0.000000000000E+00
  113
    8     -1.801465896500      1.084150615898      4.060581127688
    8     -3.741415078954      4.262433268047      3.827906481643
    8      0.050574104853     -2.004265360098      4.043907477775
    8      1.853623865719      1.103920477925      4.064102472622
    8     -0.116257720137      4.225832367365      4.080688069757
    8     -5.699870659963      1.083184888817      4.024704274389
    8     -7.435743675629      4.252754931650      4.086229203054
    8     -3.863080703331     -2.019988175785      4.056726482507
  258      1.827873428334     -0.999961802435      3.182597556214
  258      0.011651949426      2.172026343745      3.144012755282
  258      3.752857689029     -4.530987063148      3.180498763798
  258      5.724746368219     -1.039209984862      3.158540630963
  258      3.768396616525      2.219072391426      3.169629966877
  258      7.522563722038     -4.352456853910      3.372646867989
  258     -1.874724446123     -1.071805449903      3.267448892065
  258     -3.779159216359      2.158328443894      3.266052621122
  258      0.018019081206     -4.383807688461      3.352827894730
    8      0.007950511669      0.027080573363      2.347630347491
    8     -1.868306387891      3.198129146471      2.342013355848
    8      2.047588143427     -3.162267562662      2.572763070381
    8      3.744552543869     -0.070991599105      2.406035908937
    8      1.883863464625      3.255879309784      2.388634945953
    8      5.455409753012     -3.206170083837      2.557282955574
    8     -3.742439648167      0.052067731870      2.395625558364
    8     -5.666872392276      3.245735135927      2.382064549796
    8     -1.838342379824     -3.235305313111      2.527199017608
    8      1.862871976718     -1.095263712648      0.834570010232
    8      0.012756377167      2.183951303611      0.798389773183
    8      3.756631667629     -4.406152189746      0.839464809096
    8      5.684623241227     -1.090099212254      0.849063575553
    8      3.763515012334      2.157553246201      0.844434864620
    8      7.499739458641     -4.312709881306      0.892689287140
    8     -1.889156466922     -1.097090707836      0.861540001931
    8     -3.776872319052      2.185567284985      0.812848078527
    8      0.059341624419     -4.323331532032      0.929682235443
  258     -0.002676477534     -0.004517539435      0.003338635015
  258     -1.894289786496      3.262119834737      0.003079270904
  258      1.886645756091     -3.271710594583      0.055150441203
  258      3.766393931988     -0.003094703103      0.018361162320
  258      1.883065869413      3.294040442464      0.041637135650
  258      5.657549245774     -3.277193600499      0.051896320809
  258     -3.759703338172      0.008060192993      0.013644448773
  258     -5.643336944266      3.285373061001      0.054392076501
  258     -1.882903253459     -3.262757079101      0.096714462891
    8     -1.883184375472      1.083056540738     -0.794847212510
    8     -3.783490039438      4.380986023574     -0.783739072643
    8     -0.002764098605     -2.194171812714     -0.773132888209
    8      1.893143380444      1.087848829215     -0.785414832039
    8      0.003479519706      4.378251172404     -0.779985588830
    8      3.771856598121     -2.186484134140     -0.761423541022
    8     -5.659148091413      1.093049281038     -0.782112797826
    8     -7.529994695807      4.392913199179     -0.733839676782
    8     -3.761707492915     -2.179421185978     -0.775045406679
    8      0.000000000000      0.000000000000     -2.343480358560
    8     -1.886192217442      3.273344611326     -2.343480358560
    8      1.886192217446     -3.273344611321     -2.343480358560
    8      3.768257356432     -0.002335530480     -2.343480358560
    8      1.882065138984      3.271009080845     -2.343480358560
    8      5.654449573888     -3.275680141800     -2.343480358560
    8     -3.768257356432      0.002335530470     -2.343480358560
    8     -5.654449573888      3.275680141800     -2.343480358560
    8     -1.882065138991     -3.271009080841     -2.343480358560
  258     -1.884816524624      1.091893380598     -3.124640478080
  258     -3.771008742060      4.365237991929     -3.124640478080
  258      0.001375692822     -2.181451230721     -3.124640478080
  258      1.883440831802      1.089557850124     -3.124640478080
  258     -0.002751385637      4.362902461446     -3.124640478080
  258      3.769633049251     -2.183786761201     -3.124640478080
  258     -5.653073881095      1.094228911066     -3.124640478080
  258     -7.539266098496      4.367573522412     -3.124640478080
  258     -3.766881663615     -2.179115700244     -3.124640478080
    8      1.884816524624     -1.091893380598     -3.905800597599
    8     -0.001375692822      2.181451230721     -3.905800597599
    8      3.771008742060     -4.365237991929     -3.905800597599
    8      5.653073881095     -1.094228911066     -3.905800597599
    8      3.766881663619      2.179115700245     -3.905800597599
    8      7.539266098496     -4.367573522412     -3.905800597599
    8     -1.883440831802     -1.089557850124     -3.905800597599
    8     -3.769633049253      2.183786761201     -3.905800597599
    8      0.002751385636     -4.362902461446     -3.905800597599
    1      5.750251952419      7.412372873792      5.522091423935
    8      2.247066032581      1.507199508223      6.693774788803
    1      1.990317467050      1.370540990921      5.742753946146
    1      1.902942297859      0.698703502982      7.133740310199
    8      3.794890806730     -1.578570519284      4.844361678796
    1      4.023936254747     -0.852973915486      5.551028180450
    1      3.624499201992     -2.443824203839      5.349810696226
    8     -6.673834976182      0.337241166448      6.352285881057
    1     -6.250458026378      0.758915207707      5.550602677444
    1      3.816822641408      0.872982737607      6.580049552649
    1      2.231866658847     -4.098655652285      5.758321012980
    8      3.272327349951     -3.931124310764      5.661902270962
    1      3.813837455621     -4.519825917966      6.251869691717
    1     -1.676797945168     17.391664955541      6.321244372488
    8     -2.168689924767     18.160560493307      5.963429955164
    1     -3.053889980332     17.819997066490      5.692668306970
    8     -1.398565385783      1.449004722829      6.614016239848
    1     -1.502167916879      1.206914400293      5.638800771133
    1     -1.365350888236      0.592845721282      7.071924752057
    1     -0.302098235079      4.156719539677      5.679607219134
    8     -0.446948270822      4.233943545724      6.672451646359
    1     -0.645282409753      3.318577595779      6.961573245718
    8      1.768546110314     11.974394525483      5.864236474164
    1      2.595719779279     11.739051967538      6.358322011948
    1      1.017558088028     11.558340862158      6.314368869410
    8     -9.462153458006     18.450127840750      7.397327150754
    1    -10.036437319651     17.683877042499      7.133215224699
    1     -8.764936629940     18.093276682236      7.967057521498
    8      0.143504517110     16.630134147427      6.341916303210
    1     -2.773465726745     14.476536845767      5.960328002859
    8     -3.544693431969     15.075951558284      5.968517613838
    1     -4.268139174393     14.657401478280      6.489595718046
    8      0.737997326144     15.450994516573      5.631293551214
    0    0
