   2   1   1 E -1.7735438041146E+04 DE-2.1E-06(  5)
  0.113063894970E+02 -0.756796446545E-02  0.000000000000E+00
 -0.565987333789E+01  0.982099074486E+01  0.000000000000E+00
  0.000000000000E+00  0.000000000000E+00  0.500000000000E+03
    1
  0.100000000000E+01  0.000000000000E+00  0.000000000000E+00
  0.000000000000E+00  0.100000000000E+01  0.000000000000E+00
  0.000000000000E+00  0.000000000000E+00  0.100000000000E+01
  0.000000000000E+00  0.000000000000E+00  0.000000000000E+00
  113
    8     -1.803911648691      1.081923193536      4.060236418544
    8     -3.739126853587      4.263980536417      3.824402165605
    8      0.045827282813     -2.005072614051      4.041412856109
    8      1.855888271375      1.103819525216      4.064485018027
    8     -0.113150347459      4.225646445505      4.082147856188
    8     -5.701317520251      1.079265238370      4.026472016088
    8     -7.440600144341      4.250125722893      4.091185793067
    8     -3.866497281615     -2.021068097619      4.054728477787
  258      1.826810770307     -1.002923766959      3.183957996907
  258      0.011898376336      2.171762106937      3.144585106511
  258      3.754190521269     -4.531688404997      3.179031987026
  258      5.724913567151     -1.041370073541      3.154451311870
  258      3.767558751558      2.216003873004      3.172982047818
  258      7.523218762386     -4.351519814173      3.368242483761
  258     -1.872741030440     -1.072108842793      3.264325704314
  258     -3.780174895335      2.157685013850      3.261719929525
  258      0.014983486135     -4.389343568105      3.361393675076
    8      0.008481122107      0.028163392087      2.348257285146
    8     -1.866117409340      3.198497638352      2.343579368359
    8      2.051825727207     -3.159420003251      2.572409689974
    8      3.745697957105     -0.072475060890      2.404372402322
    8      1.884397123511      3.256416449401      2.387955841667
    8      5.457947900150     -3.210557996354      2.553369312748
    8     -3.742908533065      0.050819027014      2.392948797124
    8     -5.669846046874      3.243845193689      2.386491737321
    8     -1.841857191176     -3.238341073065      2.527883500605
    8      1.862182723362     -1.093662280275      0.834567329644
    8      0.011845864610      2.183407265904      0.798999061068
    8      3.755936066975     -4.408630772164      0.837924107023
    8      5.686960112942     -1.091740344962      0.846445693767
    8      3.763378801544      2.157656354620      0.845621046235
    8      7.501939644103     -4.313781974999      0.893009754405
    8     -1.887206504693     -1.097607865380      0.859352113684
    8     -3.777212489971      2.187044669466      0.816989268823
    8      0.059097982546     -4.325525886866      0.933123764808
  258     -0.001095068761     -0.005025400213      0.001907507899
  258     -1.893404443598      3.261997658803      0.003031602636
  258      1.885978372793     -3.273042339306      0.056859857848
  258      3.766355939291     -0.003313008970      0.019462565262
  258      1.883928036679      3.293385251639      0.043930312503
  258      5.658642794594     -3.278004906317      0.049975985985
  258     -3.759453428050      0.008417159548      0.014553066088
  258     -5.644428478110      3.286467615360      0.052616480688
  258     -1.882407696934     -3.264394475389      0.098125718140
    8     -1.884362534327      1.084178186413     -0.795138908012
    8     -3.785063640714      4.380056575791     -0.783908204972
    8     -0.001463320403     -2.196078752069     -0.772101399522
    8      1.893559458869      1.088287186936     -0.786466169734
    8      0.004740624427      4.377783318238     -0.780082275466
    8      3.771526128435     -2.186593653497     -0.759346801672
    8     -5.659403854673      1.094250570077     -0.780127175507
    8     -7.530464311094      4.393271204222     -0.734068435180
    8     -3.761581809004     -2.180856077342     -0.775397497555
    8      0.000000000000      0.000000000000     -2.343480358560
    8     -1.886624445964      3.273663581631     -2.343480358560
    8      1.886624445968     -3.273663581626     -2.343480358560
    8      3.768796498943     -0.002522654825     -2.343480358560
    8      1.882172052973      3.271140926805     -2.343480358560
    8      5.655420944921     -3.276186236449     -2.343480358560
    8     -3.768796498943      0.002522654815     -2.343480358560
    8     -5.655420944921      3.276186236449     -2.343480358560
    8     -1.882172052980     -3.271140926801     -2.343480358560
  258     -1.885140314969      1.092062078815     -3.124640478080
  258     -3.771764760927      4.365725660450     -3.124640478080
  258      0.001484131000     -2.181601502809     -3.124640478080
  258      1.883656183969      1.089539423996     -3.124640478080
  258     -0.002968261993      4.363203005622     -3.124640478080
  258      3.770280629940     -2.184124157634     -3.124640478080
  258     -5.653936813951      1.094584733627     -3.124640478080
  258     -7.540561259874      4.368248315277     -3.124640478080
  258     -3.767312367948     -2.179078847987     -3.124640478080
    8      1.885140314969     -1.092062078815     -3.905800597599
    8     -0.001484131000      2.181601502809     -3.905800597599
    8      3.771764760927     -4.365725660450     -3.905800597599
    8      5.653936813951     -1.094584733627     -3.905800597599
    8      3.767312367952      2.179078847988     -3.905800597599
    8      7.540561259874     -4.368248315277     -3.905800597599
    8     -1.883656183969     -1.089539423996     -3.905800597599
    8     -3.770280629942      2.184124157634     -3.905800597599
    8      0.002968261992     -4.363203005622     -3.905800597599
    1      5.733915653683      7.399226224882      5.529879965833
    8      2.244303340767      1.465759709726      6.705975218812
    1      1.986021842281      1.347755644727      5.752457661572
    1      1.903394338791      0.646703494020      7.131302127598
    8      3.798679343032     -1.591276932796      4.833408410795
    1      4.031110168061     -0.857669005663      5.533594900713
    1      3.629518396305     -2.451460011779      5.346134560446
    8     -6.679115284268      0.317730938111      6.347136581011
    1     -6.257562113483      0.748012049821      5.547599726774
    1      3.809356237415      0.848242537538      6.579612933590
    1      2.254894271204     -4.108652966723      5.771363569993
    8      3.286249374084     -3.940776038753      5.672026765194
    1      3.838879211071     -4.535852233775      6.247802102200
    1     -1.714264879168     17.366613286581      6.299546022377
    8     -2.176017301885     18.163664766985      5.961232864041
    1     -3.065891030262     17.851858371609      5.668102065071
    8     -1.398058620932      1.468293432781      6.609526110370
    1     -1.503046617130      1.207296823937      5.638788211789
    1     -1.352447106312      0.622548550125      7.087242416459
    1     -0.291934053345      4.162262029302      5.678189730756
    8     -0.434427910821      4.242627102689      6.672362417774
    1     -0.638929575008      3.327765890066      6.961381945425
    8      1.759666205919     11.982909810462      5.864563530662
    1      2.594705881554     11.759111386908      6.351607684927
    1      1.028600724326     11.508579177400      6.293012148455
    8     -9.468239613611     18.412677680366      7.381791944441
    1    -10.062275357307     17.653698382165      7.136777091478
    1     -8.729093776268     18.037641973938      7.883931228015
    8      0.114498513792     16.605675799796      6.340453571150
    1     -2.772282953724     14.460797607602      5.935340907440
    8     -3.532208804207     15.076494796605      5.963824011125
    1     -4.258907282849     14.662016545214      6.483299084542
    8      0.740289103041     15.444063673301      5.623700506726
    0    0
