   2   1   1 E -1.7735438066902E+04 DE-1.1E-06(  5)
  0.113051089954E+02 -0.678778774911E-02  0.000000000000E+00
 -0.565855503900E+01  0.982037677205E+01  0.000000000000E+00
  0.000000000000E+00  0.000000000000E+00  0.500000000000E+03
    1
  0.100000000000E+01  0.000000000000E+00  0.000000000000E+00
  0.000000000000E+00  0.100000000000E+01  0.000000000000E+00
  0.000000000000E+00  0.000000000000E+00  0.100000000000E+01
  0.000000000000E+00  0.000000000000E+00  0.000000000000E+00
  113
    8     -1.800813376185      1.084465918896      4.060958363242
    8     -3.742293913236      4.264343836436      3.828614189513
    8      0.051883817663     -2.002856997656      4.041562587613
    8      1.854609706516      1.104481862140      4.063743974912
    8     -0.116143567663      4.226515619196      4.080113863703
    8     -5.700936134237      1.085376552311      4.023112484465
    8     -7.435436948252      4.254031562453      4.087550844691
    8     -3.864647052729     -2.019070978801      4.055088042203
  258      1.829290871865     -0.999280597978      3.181478188856
  258      0.011230801018      2.171205344494      3.144958646604
  258      3.753791994525     -4.530902898672      3.180546803477
  258      5.724887876233     -1.038843734928      3.158282056534
  258      3.768735036212      2.219981837067      3.169975486502
  258      7.522514927504     -4.351931889728      3.370953400120
  258     -1.875360948668     -1.071071203568      3.267837949664
  258     -3.780635711525      2.160402114857      3.264779724560
  258      0.016667692650     -4.383105242405      3.355102798488
    8      0.007696517212      0.028520704443      2.347314728832
    8     -1.868578734569      3.198158754146      2.342757282655
    8      2.051050501127     -3.161169546942      2.572912425681
    8      3.745041535619     -0.070769629315      2.404472896441
    8      1.884676103667      3.256406274850      2.389129508670
    8      5.453695134280     -3.204499405986      2.556495346049
    8     -3.742683376759      0.052370056041      2.395438070347
    8     -5.667241153163      3.247071897007      2.381133544344
    8     -1.839018645659     -3.234576815146      2.527083314475
    8      1.862101147840     -1.094423008027      0.834343587314
    8      0.012598794508      2.185049560486      0.798590710835
    8      3.756518151345     -4.407669483809      0.838474439758
    8      5.685173381376     -1.090048388469      0.848051099973
    8      3.764226049035      2.157839488818      0.843726721882
    8      7.498822678800     -4.312077778260      0.892809533485
    8     -1.888874546001     -1.096880084453      0.860607923240
    8     -3.777227905969      2.185947406900      0.813683959669
    8      0.059818841740     -4.322119993403      0.930581718812
  258     -0.002048374365     -0.004182221832      0.002730543109
  258     -1.893658083126      3.262250953460      0.003019661198
  258      1.886366829288     -3.272066207608      0.055583330255
  258      3.766603531638     -0.001837828777      0.017592245248
  258      1.882837010698      3.295476406192      0.044104277030
  258      5.657292961236     -3.276666835689      0.050553539619
  258     -3.759774982408      0.008341691970      0.014454448085
  258     -5.643170326194      3.285827504255      0.053410021200
  258     -1.882301048466     -3.262159358308      0.097225324700
    8     -1.883487605664      1.083360212825     -0.794314017924
    8     -3.783929512904      4.381011006839     -0.784099949068
    8     -0.002745652469     -2.193967778218     -0.772499610487
    8      1.893160756794      1.088908793352     -0.785768630955
    8      0.003785537740      4.378562932244     -0.780684887309
    8      3.771477736477     -2.186369558947     -0.760665235281
    8     -5.659441667673      1.093115312646     -0.781762136968
    8     -7.530668517585      4.393889240757     -0.733380342763
    8     -3.762048462955     -2.179641289702     -0.775480935189
    8      0.000000000000      0.000000000000     -2.343480358560
    8     -1.886185013001      3.273458924027     -2.343480358560
    8      1.886185013005     -3.273458924022     -2.343480358560
    8      3.768369665085     -0.002262595920     -2.343480358560
    8      1.882184652078      3.271196328106     -2.343480358560
    8      5.654554678100     -3.275721519939     -2.343480358560
    8     -3.768369665085      0.002262595910     -2.343480358560
    8     -5.654554678100      3.275721519939     -2.343480358560
    8     -1.882184652085     -3.271196328102     -2.343480358560
  258     -1.884851559362      1.091907173311     -3.124640478080
  258     -3.771036572357      4.365366097343     -3.124640478080
  258      0.001333453644     -2.181551750708     -3.124640478080
  258      1.883518105718      1.089644577398     -3.124640478080
  258     -0.002666907281      4.363103501420     -3.124640478080
  258      3.769703118726     -2.183814346628     -3.124640478080
  258     -5.653221224486      1.094169769218     -3.124640478080
  258     -7.539406237446      4.367628693264     -3.124640478080
  258     -3.767036211446     -2.179289154792     -3.124640478080
    8      1.884851559362     -1.091907173311     -3.905800597599
    8     -0.001333453644      2.181551750708     -3.905800597599
    8      3.771036572357     -4.365366097343     -3.905800597599
    8      5.653221224486     -1.094169769218     -3.905800597599
    8      3.767036211450      2.179289154793     -3.905800597599
    8      7.539406237446     -4.367628693264     -3.905800597599
    8     -1.883518105718     -1.089644577398     -3.905800597599
    8     -3.769703118728      2.183814346628     -3.905800597599
    8      0.002666907280     -4.363103501420     -3.905800597599
    1      5.755677322442      7.417808677056      5.522106131761
    8      2.251544358251      1.497792425500      6.696551748080
    1      1.993791724095      1.367821527741      5.745175739643
    1      1.910641486133      0.684635700167      7.131338470151
    8      3.795426453675     -1.574928889889      4.847334676956
    1      4.028232725584     -0.850660231462      5.553603854973
    1      3.625341650468     -2.439322263072      5.353280193011
    8     -6.664762895075      0.339061816184      6.355936406800
    1     -6.248715557844      0.760503568402      5.550556543936
    1      3.823782907755      0.871330202390      6.584221880391
    1      2.234990360490     -4.094845610875      5.758110058175
    8      3.276022583898     -3.930166784063      5.662968798336
    1      3.812808661188     -4.513351500068      6.260901879224
    1     -1.665537863966     17.397046274941      6.321928189128
    8     -2.166147240529     18.158060945224      5.958404485584
    1     -3.050279383612     17.808437456859      5.696251242618
    8     -1.393645923044      1.457023825224      6.612264136510
    1     -1.500056097310      1.206869798068      5.639545639497
    1     -1.349836256039      0.605931049352      7.078663194695
    1     -0.299942815321      4.158532001773      5.678134319586
    8     -0.431695748281      4.233821681654      6.672741399593
    1     -0.629450957370      3.318300577209      6.961354230850
    8      1.766968997019     11.973678637157      5.864353532690
    1      2.595887356022     11.741821028984      6.356217162356
    1      1.020700081560     11.545653342490      6.311685581734
    8     -9.452828120419     18.447514515071      7.406813776504
    1    -10.025301205288     17.683030970183      7.134012674544
    1     -8.791140881004     18.098381184066      8.020423348584
    8      0.150965322091     16.638510817758      6.343390293380
    1     -2.774721778815     14.477444052714      5.955957007998
    8     -3.542671666684     15.081496143585      5.967415538061
    1     -4.270194300880     14.660910896670      6.483257728071
    8      0.742723824473     15.456263373914      5.633753061652
    0    0
