   2   1   1 E -1.7735434100476E+04 DE-4.4E-06(  6)
  0.112984474421E+02 -0.716231290693E-02  0.000000000000E+00
 -0.565554338056E+01  0.982735785088E+01  0.000000000000E+00
  0.000000000000E+00  0.000000000000E+00  0.500000000000E+03
    1
  0.100000000000E+01  0.000000000000E+00  0.000000000000E+00
  0.000000000000E+00  0.100000000000E+01  0.000000000000E+00
  0.000000000000E+00  0.000000000000E+00  0.100000000000E+01
  0.000000000000E+00  0.000000000000E+00  0.000000000000E+00
  113
    8     -1.797880671126      1.087954003145      4.056136884991
    8     -3.714140163884      4.259431156692      3.851511672639
    8      0.039378237308     -1.963898333085      4.085114068861
    8      1.843852120647      1.108585222256      4.079905825612
    8     -0.106402379144      4.240217987789      4.079476534247
    8     -5.713953707363      1.078929973682      4.039500470811
    8     -7.446309793728      4.248688238030      4.063362980444
    8     -3.867981223367     -2.025753506695      4.032753391989
  258      1.817653014794     -1.002597857402      3.198861529012
  258      0.011832013565      2.170665298888      3.142739419453
  258      3.754131502839     -4.532662716411      3.171569226762
  258      5.717535945770     -1.037181157543      3.145716902251
  258      3.763506750768      2.218095493861      3.176631187656
  258      7.520282238703     -4.358031161498      3.361019338243
  258     -1.870621938364     -1.071140659353      3.258529560999
  258     -3.782154427752      2.164920084939      3.271939851716
  258      0.022197452932     -4.397277756276      3.338948901872
    8      0.012472550669      0.026372747345      2.336859815051
    8     -1.857729701841      3.207838910235      2.337964704046
    8      2.023053073938     -3.176015452381      2.577321577665
    8      3.734140893734     -0.070568420148      2.409076839396
    8      1.873646342239      3.245693162590      2.381455175101
    8      5.450446142649     -3.210463598025      2.536735773802
    8     -3.744577506765      0.069170403529      2.393252534509
    8     -5.644554816630      3.243711439167      2.387934571802
    8     -1.833065044795     -3.235233152432      2.531676581337
    8      1.865004084709     -1.103841240298      0.832277053846
    8      0.010675636760      2.180476541194      0.792200725869
    8      3.744177456432     -4.407447459271      0.842382616161
    8      5.685019349400     -1.081043806642      0.848741610240
    8      3.763415784001      2.164516130883      0.850509150512
    8      7.505036649002     -4.316796967775      0.899729565034
    8     -1.891144395791     -1.100206020607      0.858240274569
    8     -3.768160143946      2.195561042771      0.810411653837
    8      0.046571198393     -4.337047067853      0.908499819718
  258      0.001331576891     -0.008271692234      0.003287745925
  258     -1.891597211421      3.263572229642      0.006154171014
  258      1.886830676303     -3.276433334496      0.046156745537
  258      3.763408890353     -0.003807491011      0.020222139378
  258      1.884782267218      3.293660779935      0.041685069220
  258      5.656121145918     -3.277150648719      0.057289756666
  258     -3.753388065202      0.015030026798      0.015799078324
  258     -5.640231162428      3.288776852236      0.047211750439
  258     -1.884138484159     -3.269876767046      0.088457788702
    8     -1.882385611472      1.084559920959     -0.796526616579
    8     -3.777205710738      4.381899062153     -0.789555031682
    8     -0.000906967269     -2.194914282386     -0.776411407392
    8      1.896942074370      1.086082377298     -0.780408144235
    8      0.008160082463      4.388138868895     -0.775271994474
    8      3.773236203089     -2.186118518954     -0.760804983889
    8     -5.655256108085      1.095080187713     -0.780311780913
    8     -7.530829201139      4.390081367204     -0.741386004575
    8     -3.763087522402     -2.185719155678     -0.770740764098
    8      0.000000000000      0.000000000000     -2.343480358560
    8     -1.885181126854      3.275785950303     -2.343480358560
    8      1.885181126858     -3.275785950298     -2.343480358560
    8      3.766149147316     -0.002387437639     -2.343480358560
    8      1.880968020456      3.273398512663     -2.343480358560
    8      5.651330274184     -3.278173387934     -2.343480358560
    8     -3.766149147316      0.002387437629     -2.343480358560
    8     -5.651330274184      3.278173387934     -2.343480358560
    8     -1.880968020463     -3.273398512659     -2.343480358560
  258     -1.883776758056      1.092724462643     -3.124640478080
  258     -3.768957884904      4.368510412951     -3.124640478080
  258      0.001404368802     -2.183061487652     -3.124640478080
  258      1.882372389254      1.090337025010     -3.124640478080
  258     -0.002808737597      4.366122975309     -3.124640478080
  258      3.767553516115     -2.185448925291     -3.124640478080
  258     -5.649925905411      1.095111900269     -3.124640478080
  258     -7.535107032224      4.370897850591     -3.124640478080
  258     -3.764744778518     -2.180674050017     -3.124640478080
    8      1.883776758056     -1.092724462643     -3.905800597599
    8     -0.001404368802      2.183061487652     -3.905800597599
    8      3.768957884904     -4.368510412951     -3.905800597599
    8      5.649925905411     -1.095111900269     -3.905800597599
    8      3.764744778522      2.180674050018     -3.905800597599
    8      7.535107032224     -4.370897850591     -3.905800597599
    8     -1.882372389254     -1.090337025010     -3.905800597599
    8     -3.767553516117      2.185448925291     -3.905800597599
    8      0.002808737596     -4.366122975309     -3.905800597599
    1      5.444741140203      7.230838042148      5.457646414301
    8      2.141731474250      1.086215014330      6.766557012178
    1      1.911234135060      1.134185452470      5.800535780078
    1      1.794715284532      0.208651400466      7.064991069889
    8      3.788493052328     -1.633447504025      4.809225309151
    1      4.070216203064     -0.912250695683      5.519811536894
    1      3.626206749568     -2.486037912460      5.324456691859
    8     -6.709518019624      0.224849063773      6.345753148348
    1     -6.321709852343      0.721830142251      5.571105506110
    1      3.718185668602      0.662515987034      6.609467690958
    1      2.316859243822     -4.174583913157      5.809658895523
    8      3.312247302518     -3.974391391046      5.718954651492
    1      3.894144164234     -4.576346982103      6.270224966362
    1     -1.917560290664     17.562048924876      6.473013462212
    8     -2.326738762418     18.294017105260      5.986088047578
    1     -3.168571556891     17.926547387019      5.615676827721
    8     -1.352441875961      1.567923133399      6.575363209096
    1     -1.484536239322      1.248354064778      5.624866310892
    1     -1.169522644031      0.773829944175      7.098069817041
    1     -0.232116040848      4.199896099231      5.664106715979
    8     -0.385029934610      4.264775281986      6.660523095666
    1     -0.609982050959      3.340863160566      6.916982503986
    8      1.745709073939     11.917098121412      5.870592051006
    1      2.591811869244     11.742312491086      6.355403357637
    1      1.056493162426     11.352865460161      6.257000255707
    8     -9.766304132354     18.110501307341      7.333219011772
    1    -10.403157470236     17.408517972150      7.020508842125
    1     -9.021998022820     17.646172768233      7.743264496725
    8     -0.236806490459     16.376397091040      6.220129527921
    1     -2.686911525315     14.713264973276      6.013634645982
    8     -3.521652609701     15.225148918389      5.966313470849
    1     -4.214689567805     14.780188011671      6.508085322656
    8      0.678568738085     15.364942412485      5.572168836177
    0    0
