   2   1   1 E -1.7735438065786E+04 DE-2.0E-06(  4)
  0.113050703998E+02 -0.678973397189E-02  0.000000000000E+00
 -0.565853746939E+01  0.982028007141E+01  0.000000000000E+00
  0.000000000000E+00  0.000000000000E+00  0.500000000000E+03
    1
  0.100000000000E+01  0.000000000000E+00  0.000000000000E+00
  0.000000000000E+00  0.100000000000E+01  0.000000000000E+00
  0.000000000000E+00  0.000000000000E+00  0.100000000000E+01
  0.000000000000E+00  0.000000000000E+00  0.000000000000E+00
  113
    8     -1.800737409228      1.084517696291      4.060626737099
    8     -3.742314929396      4.264411369028      3.828973556820
    8      0.051644010617     -2.002883441949      4.041194960336
    8      1.854702804281      1.104221163158      4.063571591131
    8     -0.116299980510      4.226289261013      4.080471742655
    8     -5.701216980059      1.085478605510      4.022808214135
    8     -7.435320049404      4.253961132855      4.087158709895
    8     -3.864671195637     -2.019173653585      4.055188914581
  258      1.829334147475     -0.999289067790      3.181401370545
  258      0.011264281268      2.170979155551      3.144719455677
  258      3.753796644316     -4.530849209775      3.180466403757
  258      5.724947549053     -1.038799162438      3.158391035871
  258      3.768818172671      2.219962943662      3.169974787607
  258      7.522343790175     -4.352033462094      3.371158645805
  258     -1.875387387979     -1.071045360044      3.267562490412
  258     -3.780669468907      2.160539715525      3.264917882064
  258      0.016898694915     -4.382854816989      3.354929473700
    8      0.007745971406      0.028481118826      2.347250536279
    8     -1.868599532887      3.198415581673      2.342760707978
    8      2.050965746666     -3.161156531582      2.572942813594
    8      3.745044386403     -0.070850695568      2.404285945731
    8      1.884707854829      3.256391985277      2.389284754300
    8      5.453738649117     -3.204391537978      2.556485310193
    8     -3.742908954357      0.052327696373      2.395641669901
    8     -5.666870678184      3.246876134813      2.381052328488
    8     -1.839281637944     -3.234524534205      2.527006662714
    8      1.862135529036     -1.094485129058      0.834331718136
    8      0.012493211499      2.184960785730      0.798635685706
    8      3.756410639929     -4.407541942586      0.838423905633
    8      5.685188247553     -1.090116940761      0.848089116333
    8      3.764222607650      2.157941346811      0.843896963788
    8      7.498699917468     -4.312105880270      0.892866447020
    8     -1.888850616883     -1.096783412726      0.860453192226
    8     -3.777040355569      2.185818998828      0.813666491425
    8      0.059697618502     -4.322209134103      0.930678583278
  258     -0.002018806263     -0.004254551477      0.002667152011
  258     -1.893627545989      3.262160402517      0.003035835744
  258      1.886303743068     -3.272032552932      0.055456367078
  258      3.766572483824     -0.001888498777      0.017629176075
  258      1.882912502844      3.295475577251      0.044232689791
  258      5.657276952407     -3.276631149931      0.050666377155
  258     -3.759836813536      0.008377344586      0.014567673880
  258     -5.643066054477      3.285753345427      0.053307739302
  258     -1.882423504842     -3.262174729295      0.097435741016
    8     -1.883451690473      1.083302218498     -0.794407925488
    8     -3.783994361443      4.380920117265     -0.784113556302
    8     -0.002772335183     -2.194044031115     -0.772380723380
    8      1.893178784314      1.089031386396     -0.785758617884
    8      0.003783944237      4.378506639421     -0.780633199485
    8      3.771445306757     -2.186350682160     -0.760721727757
    8     -5.659508036175      1.093057285176     -0.781647434629
    8     -7.530639283529      4.393838835184     -0.733565436410
    8     -3.762068394877     -2.179594438387     -0.775501021566
    8      0.000000000000      0.000000000000     -2.343480358560
    8     -1.886179156465      3.273426690480     -2.343480358560
    8      1.886179156469     -3.273426690475     -2.343480358560
    8      3.768356799883     -0.002263244660     -2.343480358560
    8      1.882177643412      3.271163445818     -2.343480358560
    8      5.654535956362     -3.275689935133     -2.343480358560
    8     -3.768356799883      0.002263244651     -2.343480358560
    8     -5.654535956362      3.275689935133     -2.343480358560
    8     -1.882177643419     -3.271163445814     -2.343480358560
  258     -1.884845318783      1.091896645043     -3.124640478080
  258     -3.771024475241      4.365323335528     -3.124640478080
  258      0.001333837687     -2.181530045430     -3.124640478080
  258      1.883511481095      1.089633400388     -3.124640478080
  258     -0.002667675368      4.363060090864     -3.124640478080
  258      3.769690637567     -2.183793290090     -3.124640478080
  258     -5.653202118704      1.094159889690     -3.124640478080
  258     -7.539381275128      4.367586580190     -3.124640478080
  258     -3.767022962200     -2.179266800773     -3.124640478080
    8      1.884845318783     -1.091896645043     -3.905800597599
    8     -0.001333837687      2.181530045430     -3.905800597599
    8      3.771024475241     -4.365323335528     -3.905800597599
    8      5.653202118704     -1.094159889690     -3.905800597599
    8      3.767022962204      2.179266800774     -3.905800597599
    8      7.539381275128     -4.367586580190     -3.905800597599
    8     -1.883511481095     -1.089633400388     -3.905800597599
    8     -3.769690637569      2.183793290090     -3.905800597599
    8      0.002667675367     -4.363060090864     -3.905800597599
    1      5.755514926863      7.417926074232      5.521954141933
    8      2.251572018710      1.498138009462      6.696154988214
    1      1.993861043015      1.367513019492      5.744829006634
    1      1.910411657058      0.685393121267      7.131576923495
    8      3.795484468422     -1.575139006833      4.847350513303
    1      4.028057458702     -0.851053211966      5.553762007475
    1      3.625565982565     -2.439750619698      5.353116559253
    8     -6.665022938213      0.339043644988      6.356244504912
    1     -6.248609075332      0.760071315946      5.550787311387
    1      3.823482754082      0.871511798495      6.584087935565
    1      2.235180137123     -4.094691993514      5.758198386269
    8      3.276151234768     -3.930162591064      5.663228558352
    1      3.813129995954     -4.514078088766      6.260433976039
    1     -1.665778907495     17.397472154357      6.322242205963
    8     -2.166496234415     18.158352871464      5.958401347498
    1     -3.050304435356     17.808444618069      5.695761239709
    8     -1.393808962762      1.456718627293      6.612030276616
    1     -1.500242179658      1.207183926798      5.639037330998
    1     -1.350464736420      0.605355529548      7.077852968100
    1     -0.300290823436      4.158455173189      5.678031084248
    8     -0.432408428894      4.233981375231      6.672701972384
    1     -0.630104830708      3.318466110371      6.961451549067
    8      1.767082130868     11.973020702316      5.864172454097
    1      2.595788037980     11.741012745979      6.356441685658
    1      1.020019425373     11.547751759547      6.312366969340
    8     -9.453392478267     18.447687112587      7.406697027420
    1    -10.025662294900     17.683083856937      7.133898156511
    1     -8.788465657180     18.097554638688      8.016280440245
    8      0.150734250774     16.638481732326      6.343186255775
    1     -2.774605624233     14.477088433614      5.956143560066
    8     -3.542558207868     15.081207860546      5.967968692398
    1     -4.270135348272     14.660061278496      6.483219283599
    8      0.742592010382     15.456181883350      5.633749138156
    0    0
