   2   1   1 E -1.7735436825541E+04 DE-2.4E-06(  6)
  0.113067721862E+02 -0.602459828267E-02  0.000000000000E+00
 -0.565872556003E+01  0.981971855125E+01  0.000000000000E+00
  0.000000000000E+00  0.000000000000E+00  0.500000000000E+03
    1
  0.100000000000E+01  0.000000000000E+00  0.000000000000E+00
  0.000000000000E+00  0.100000000000E+01  0.000000000000E+00
  0.000000000000E+00  0.000000000000E+00  0.100000000000E+01
  0.000000000000E+00  0.000000000000E+00  0.000000000000E+00
  113
    8     -1.795092092176      1.080411706636      4.059337455747
    8     -3.724439963407      4.258848787978      3.843421055970
    8      0.050514548208     -2.016696209123      4.031665771898
    8      1.857386588717      1.096476857815      4.077961114791
    8     -0.107887403526      4.236782412892      4.080899047435
    8     -5.705934130065      1.080011224309      4.036489502738
    8     -7.441746646110      4.257113437437      4.080445235252
    8     -3.867982330358     -2.015612934966      4.050321482458
  258      1.828774092633     -1.007406098301      3.188064323446
  258      0.016638949845      2.172140664610      3.153500591063
  258      3.759383802093     -4.525748588186      3.176068554585
  258      5.723277355167     -1.034493957157      3.148241307008
  258      3.769702375473      2.220413011642      3.169046698466
  258      7.529527847935     -4.351296303991      3.361957008445
  258     -1.873744821033     -1.068033131624      3.256919101615
  258     -3.776649676943      2.162904374295      3.275664974148
  258      0.019515825480     -4.381659641326      3.363594947011
    8      0.010938830711      0.029282368932      2.353784328664
    8     -1.865555967020      3.199093726126      2.347768766244
    8      2.049627759733     -3.172813394918      2.574372075487
    8      3.736605000361     -0.068834072845      2.408097893726
    8      1.884160666813      3.251529985748      2.396991002377
    8      5.465319830952     -3.204489998640      2.541220346898
    8     -3.745644191918      0.055314806078      2.395054654427
    8     -5.657429094032      3.242341359126      2.385490864518
    8     -1.845688452968     -3.234073791196      2.516089680347
    8      1.861172757909     -1.100091607501      0.838813255256
    8      0.014329018278      2.185776219391      0.799199651910
    8      3.758617186229     -4.406490303793      0.837924647682
    8      5.677853042675     -1.087640051296      0.845733138230
    8      3.769731604709      2.160265767677      0.845692909657
    8      7.497564128825     -4.322241195875      0.884727774378
    8     -1.888302921599     -1.092197953038      0.864530325638
    8     -3.773422355811      2.183278117174      0.806672355464
    8      0.057635157198     -4.322421398229      0.928091867469
  258     -0.002613587029     -0.003659351067      0.006230229502
  258     -1.893658907099      3.260067995816      0.003495620707
  258      1.883463423051     -3.270911970239      0.056068346992
  258      3.765494394757     -0.001632294074      0.016043099690
  258      1.881817779055      3.293854361855      0.038093147812
  258      5.655521528925     -3.279343397762      0.048410342098
  258     -3.761916154809      0.009225958026      0.010609180657
  258     -5.642968877447      3.285852508763      0.060618373862
  258     -1.881033285764     -3.262301933171      0.098164452271
    8     -1.882452541473      1.080669821144     -0.795828135286
    8     -3.783857840756      4.382323235384     -0.784213931011
    8     -0.004648670154     -2.190061281472     -0.771299592979
    8      1.893073658943      1.088250872282     -0.784931329354
    8      0.001344397620      4.376324614997     -0.783473664992
    8      3.771082931245     -2.186729403810     -0.763561430480
    8     -5.661957140574      1.093289671397     -0.781296408760
    8     -7.532649807862      4.393318834179     -0.736426524524
    8     -3.762220577458     -2.177572252551     -0.773892043346
    8      0.000000000000      0.000000000000     -2.343480358560
    8     -1.886241853345      3.273239517094     -2.343480358560
    8      1.886241853349     -3.273239517089     -2.343480358560
    8      3.768924062019     -0.002008199431     -2.343480358560
    8      1.882682208668      3.271231317662     -2.343480358560
    8      5.655165915378     -3.275247716517     -2.343480358560
    8     -3.768924062019      0.002008199421     -2.343480358560
    8     -5.655165915378      3.275247716517     -2.343480358560
    8     -1.882682208675     -3.271231317658     -2.343480358560
  258     -1.885055305121      1.091749238837     -3.124640478080
  258     -3.771297158460      4.364988755936     -3.124640478080
  258      0.001186548229     -2.181490278249     -3.124640478080
  258      1.883868756893      1.089741039413     -3.124640478080
  258     -0.002373096450      4.362980556502     -3.124640478080
  258      3.770110610244     -2.183498477680     -3.124640478080
  258     -5.653979367179      1.093757438255     -3.124640478080
  258     -7.540221220483      4.366996955369     -3.124640478080
  258     -3.767737513795     -2.179482078821     -3.124640478080
    8      1.885055305121     -1.091749238837     -3.905800597599
    8     -0.001186548229      2.181490278249     -3.905800597599
    8      3.771297158460     -4.364988755936     -3.905800597599
    8      5.653979367179     -1.093757438255     -3.905800597599
    8      3.767737513799      2.179482078822     -3.905800597599
    8      7.540221220483     -4.366996955369     -3.905800597599
    8     -1.883868756893     -1.089741039413     -3.905800597599
    8     -3.770110610246      2.183498477680     -3.905800597599
    8      0.002373096449     -4.362980556502     -3.905800597599
    1      5.616853722601      7.355985551472      5.546999061053
    8      2.214147261764      1.260682054658      6.758812727550
    1      1.969607414527      1.223142705720      5.796940427703
    1      1.905773199709      0.401893881067      7.120089090348
    8      3.804207456356     -1.602993433909      4.828500662717
    1      4.057377136891     -0.863969988528      5.530381421505
    1      3.645142774999     -2.462419222929      5.342371892482
    8     -6.681063381337      0.268035880830      6.349932147684
    1     -6.290309782570      0.747812195269      5.565865767185
    1      3.790212609876      0.758105041944      6.626873403230
    1      2.289811197871     -4.108666367551      5.789849923017
    8      3.308500188221     -3.947934726331      5.682121412836
    1      3.868251320690     -4.546694987994      6.251617559577
    1     -1.831240328061     17.404728187400      6.369039967565
    8     -2.238583295079     18.199809271063      5.961935305232
    1     -3.108770717694     17.882896908932      5.607348899220
    8     -1.351889858726      1.549574463987      6.588993516618
    1     -1.480094436994      1.241343459373      5.634993347822
    1     -1.222117773654      0.738194942785      7.107796665119
    1     -0.251023116243      4.185372846906      5.677890710198
    8     -0.398797789278      4.276828256472      6.667223213401
    1     -0.617057530785      3.364631712900      6.946130936857
    8      1.764519904073     11.953468500374      5.876703242577
    1      2.605733477848     11.758650239555      6.361759934545
    1      1.063646141845     11.415504513435      6.278104325601
    8     -9.532256955685     18.241359636747      7.377579454377
    1    -10.166685928257     17.527410454821      7.102266223613
    1     -8.798178232911     17.808035879965      7.841302031599
    8     -0.013365998727     16.532791255375      6.333054763854
    1     -2.724547333575     14.508645888846      5.949323076866
    8     -3.504973097990     15.096073502301      5.959328444900
    1     -4.216907574016     14.687338013792      6.500262599735
    8      0.731996431504     15.441498909458      5.623308886916
    0    0
