   2   1   1 E -1.7735438047363E+04 DE-7.8E-07(  5)
  0.113053481678E+02 -0.686957651662E-02  0.000000000000E+00
 -0.565874608393E+01  0.981990351380E+01  0.000000000000E+00
  0.000000000000E+00  0.000000000000E+00  0.500000000000E+03
    1
  0.100000000000E+01  0.000000000000E+00  0.000000000000E+00
  0.000000000000E+00  0.100000000000E+01  0.000000000000E+00
  0.000000000000E+00  0.000000000000E+00  0.100000000000E+01
  0.000000000000E+00  0.000000000000E+00  0.000000000000E+00
  113
    8     -1.800345155200      1.084879019864      4.060046260132
    8     -3.742146346948      4.264446050360      3.829854839196
    8      0.050756668134     -2.002551480769      4.041221763284
    8      1.854793581675      1.103607965346      4.063383713010
    8     -0.116615167142      4.225734999658      4.081526109393
    8     -5.701803752922      1.085348050132      4.022953028865
    8     -7.435562350153      4.254325701272      4.087234032865
    8     -3.863961025355     -2.019171105612      4.056353589838
  258      1.829756438667     -0.999084793046      3.181746325252
  258      0.011988088028      2.171578721886      3.144298143452
  258      3.753836272023     -4.530508776485      3.180639798260
  258      5.725299914081     -1.038757103778      3.158803442372
  258      3.769082814710      2.220622242712      3.170517558811
  258      7.522228197826     -4.351947806537      3.372363413678
  258     -1.874930591408     -1.071399182222      3.267235332601
  258     -3.780475166720      2.160400408430      3.265721260310
  258      0.017149554533     -4.382542380452      3.355086942588
    8      0.008281090217      0.028167205277      2.347178060236
    8     -1.868330472468      3.199229966653      2.343043984477
    8      2.050415920447     -3.161472040472      2.573098730747
    8      3.744909873507     -0.070940669842      2.404193869612
    8      1.884587447494      3.256503245742      2.389393988271
    8      5.454386736071     -3.204729288470      2.556595390703
    8     -3.742876689367      0.052108713800      2.396159362944
    8     -5.665975443017      3.246051007299      2.381407786600
    8     -1.840384578031     -3.235048812962      2.527078014865
    8      1.862805420849     -1.094793861095      0.834495169153
    8      0.011963589627      2.184532778551      0.798516381642
    8      3.756003975371     -4.407017619910      0.838383348721
    8      5.685287988918     -1.090367932542      0.848331607892
    8      3.764526957653      2.158552392217      0.844182117027
    8      7.499146256680     -4.312595367268      0.892891233626
    8     -1.888552896385     -1.096730577067      0.860200897896
    8     -3.776683368410      2.185327300073      0.813701145951
    8      0.058847913450     -4.322395632457      0.930784327917
  258     -0.002031189793     -0.004657322380      0.002977864854
  258     -1.893729920432      3.262009869029      0.003459228900
  258      1.886167340719     -3.272013378193      0.055467538407
  258      3.766836087282     -0.002018969378      0.018201956103
  258      1.883229641634      3.294903081292      0.043576622422
  258      5.657629122724     -3.277068993188      0.051647232005
  258     -3.759998499245      0.008417181863      0.014961972761
  258     -5.643276429181      3.285661275785      0.053689065830
  258     -1.882826897418     -3.262331114162      0.098082908394
    8     -1.883652041563      1.082981122502     -0.794837712202
    8     -3.784117207011      4.380662871890     -0.783992509834
    8     -0.002545481307     -2.193726447358     -0.771458207370
    8      1.893141472538      1.089313392004     -0.785703066467
    8      0.003933535668      4.378190007662     -0.780168001947
    8      3.771733870283     -2.186245393768     -0.760728221337
    8     -5.659975007894      1.092972853284     -0.780888246307
    8     -7.531271619570      4.393655990828     -0.734490587716
    8     -3.762228711571     -2.179549916727     -0.775505224611
    8      0.000000000000      0.000000000000     -2.343480358560
    8     -1.886248694644      3.273301171276     -2.343480358560
    8      1.886248694648     -3.273301171271     -2.343480358560
    8      3.768449389230     -0.002289858842     -2.343480358560
    8      1.882200694581      3.271011312433     -2.343480358560
    8      5.654698083888     -3.275591030111     -2.343480358560
    8     -3.768449389230      0.002289858832     -2.343480358560
    8     -5.654698083888      3.275591030111     -2.343480358560
    8     -1.882200694588     -3.271011312429     -2.343480358560
  258     -1.884899361291      1.091863676702     -3.124640478080
  258     -3.771148055929      4.365164847983     -3.124640478080
  258      0.001349333357     -2.181437494567     -3.124640478080
  258      1.883550027934      1.089573817866     -3.124640478080
  258     -0.002698666708      4.362874989138     -3.124640478080
  258      3.769798722585     -2.183727353409     -3.124640478080
  258     -5.653348750560      1.094153535531     -3.124640478080
  258     -7.539597445164      4.367454706827     -3.124640478080
  258     -3.767100055878     -2.179147635728     -3.124640478080
    8      1.884899361291     -1.091863676702     -3.905800597599
    8     -0.001349333357      2.181437494567     -3.905800597599
    8      3.771148055929     -4.365164847983     -3.905800597599
    8      5.653348750560     -1.094153535531     -3.905800597599
    8      3.767100055882      2.179147635729     -3.905800597599
    8      7.539597445164     -4.367454706827     -3.905800597599
    8     -1.883550027934     -1.089573817866     -3.905800597599
    8     -3.769798722587      2.183727353409     -3.905800597599
    8      0.002698666707     -4.362874989138     -3.905800597599
    1      5.754668886373      7.417827986410      5.521667746028
    8      2.251539484992      1.500138624583      6.694909309937
    1      1.993768088062      1.366404331813      5.743947044450
    1      1.909296854647      0.689488161070      7.133452574982
    8      3.795313490550     -1.575410889619      4.847167172060
    1      4.027051711700     -0.851367699140      5.553738693796
    1      3.624982071840     -2.440522800314      5.352428831703
    8     -6.666608640082      0.339022623661      6.357051976731
    1     -6.248383940836      0.759064318258      5.552250070058
    1      3.822038776553      0.872180955322      6.583536123512
    1      2.236396000124     -4.094322595950      5.758438647713
    8      3.276841519881     -3.929919351559      5.664072533790
    1      3.815511451513     -4.516274883796      6.258023411962
    1     -1.668593833931     17.396571600054      6.322293348304
    8     -2.167687373973     18.159257619782      5.960093510849
    1     -3.051363071245     17.811088458313      5.693601565328
    8     -1.395116747880      1.456024765099      6.612035647654
    1     -1.500461428650      1.209527833613      5.638080735585
    1     -1.354985526281      0.602784849664      7.075725195044
    1     -0.301931342071      4.158051753252      5.678361074006
    8     -0.436987317024      4.234943320901      6.672569016977
    1     -0.635096743460      3.319747537923      6.962274172750
    8      1.767918234100     11.971327716874      5.863785729579
    1      2.595709845527     11.739236353362      6.357815434092
    1      1.018095028726     11.553754241874      6.315115526040
    8     -9.453496917871     18.447224440265      7.405161333280
    1    -10.026503970965     17.682559018981      7.134652088399
    1     -8.774665017046     18.094467146308      7.997932563696
    8      0.149180024248     16.637265574103      6.342495445021
    1     -2.774352275072     14.475796498836      5.956501442532
    8     -3.542500678853     15.079865019882      5.969143127530
    1     -4.269636379853     14.657947350605      6.483954175266
    8      0.742377656330     15.455415602775      5.633057713175
    0    0
