   2   1   1 E -1.7735438214185E+04 DE-2.3E-06(  4)
  0.113045551424E+02 -0.677740505571E-02  0.000000000000E+00
 -0.565826890391E+01  0.982014184053E+01  0.000000000000E+00
  0.000000000000E+00  0.000000000000E+00  0.500000000000E+03
    1
  0.100000000000E+01  0.000000000000E+00  0.000000000000E+00
  0.000000000000E+00  0.100000000000E+01  0.000000000000E+00
  0.000000000000E+00  0.000000000000E+00  0.100000000000E+01
  0.000000000000E+00  0.000000000000E+00  0.000000000000E+00
  113
    8     -1.799590241808      1.086510434017      4.060993160461
    8     -3.738404566155      4.265952664722      3.828206942085
    8      0.051907698634     -2.000780398960      4.047157363388
    8      1.854405475826      1.106427669626      4.065388584704
    8     -0.112062827195      4.229832045769      4.082494182521
    8     -5.697782770769      1.085891175239      4.026181518273
    8     -7.438260193165      4.256157344399      4.087038503697
    8     -3.862388429500     -2.014618702844      4.056916458941
  258      1.828499634307     -0.998667899864      3.185224398277
  258      0.013437870461      2.173952628108      3.145728101804
  258      3.754981372575     -4.527931005769      3.181831748322
  258      5.726273272532     -1.035970095919      3.157696118303
  258      3.768938097770      2.222108184503      3.171905062697
  258      7.523029383580     -4.349274931018      3.370261766078
  258     -1.872712159987     -1.069862735113      3.266641989272
  258     -3.778813708090      2.161875993498      3.265523450696
  258      0.017552212053     -4.381215002767      3.354093286895
    8      0.008098960967      0.028948157231      2.348356490638
    8     -1.863537378242      3.200473633085      2.343378200872
    8      2.050703157024     -3.159777094804      2.573379793506
    8      3.743931203533     -0.069340279510      2.407797855264
    8      1.884475069274      3.258829250550      2.389395059058
    8      5.457514624685     -3.203746791892      2.556279315764
    8     -3.741687544300      0.054060517253      2.395342020346
    8     -5.665541034807      3.247848207930      2.383720649561
    8     -1.838049639494     -3.233322556682      2.527232682904
    8      1.862390301168     -1.094252481928      0.836177373776
    8      0.013970248212      2.184367011841      0.797578303898
    8      3.754861291311     -4.406511765533      0.840092949280
    8      5.683750066884     -1.087771172832      0.849010478198
    8      3.766046247129      2.158718491973      0.844242059638
    8      7.500176836475     -4.311981911359      0.893122325477
    8     -1.888346256817     -1.096116704164      0.861131601466
    8     -3.775892043851      2.188076987515      0.815328343655
    8      0.059786209265     -4.321367714218      0.929984234911
  258     -0.001429200906     -0.004355586213      0.004313283686
  258     -1.893046083335      3.263008035218      0.004090249622
  258      1.886733873832     -3.271071112390      0.056348911371
  258      3.767035434711     -0.000901971770      0.019206560300
  258      1.883728662813      3.294653990229      0.041895594115
  258      5.657225301022     -3.276960987408      0.052168264199
  258     -3.759432750158      0.009123995840      0.014221104689
  258     -5.642250966830      3.286244722756      0.055044961674
  258     -1.882747995423     -3.261132899603      0.096708999688
    8     -1.884041344498      1.083211347917     -0.793148671470
    8     -3.783307365274      4.381311200550     -0.784374666674
    8     -0.002471565921     -2.192163914690     -0.771481553499
    8      1.894010810107      1.089066268255     -0.785210893369
    8      0.003259551842      4.379179821883     -0.779466434170
    8      3.771213564761     -2.185568861282     -0.760929788391
    8     -5.658499125202      1.093759998456     -0.781173370527
    8     -7.530751419439      4.394348998136     -0.734275710967
    8     -3.761960301432     -2.178093682807     -0.775245169092
    8      0.000000000000      0.000000000000     -2.343480358560
    8     -1.886089634636      3.273380613520     -2.343480358560
    8      1.886089634640     -3.273380613515     -2.343480358560
    8      3.768185047416     -0.002259135022     -2.343480358560
    8      1.882095412775      3.271121478497     -2.343480358560
    8      5.654274682067     -3.275639748535     -2.343480358560
    8     -3.768185047416      0.002259135012     -2.343480358560
    8     -5.654274682067      3.275639748535     -2.343480358560
    8     -1.882095412782     -3.271121478493     -2.343480358560
  258     -1.884758227351      1.091879916177     -3.124640478080
  258     -3.770847861981      4.365260529702     -3.124640478080
  258      0.001331407290     -2.181500697336     -3.124640478080
  258      1.883426820061      1.089620781161     -3.124640478080
  258     -0.002662814573      4.363001394677     -3.124640478080
  258      3.769516454704     -2.183759832358     -3.124640478080
  258     -5.652943274806      1.094139051185     -3.124640478080
  258     -7.539032909401      4.367519664725     -3.124640478080
  258     -3.766853640131     -2.179241562318     -3.124640478080
    8      1.884758227351     -1.091879916177     -3.905800597599
    8     -0.001331407290      2.181500697336     -3.905800597599
    8      3.770847861981     -4.365260529702     -3.905800597599
    8      5.652943274806     -1.094139051185     -3.905800597599
    8      3.766853640135      2.179241562319     -3.905800597599
    8      7.539032909401     -4.367519664725     -3.905800597599
    8     -1.883426820061     -1.089620781161     -3.905800597599
    8     -3.769516454706      2.183759832358     -3.905800597599
    8      0.002662814572     -4.363001394677     -3.905800597599
    1      5.740948420651      7.406274131222      5.532817424506
    8      2.244787983882      1.502005643433      6.697399555193
    1      1.987727539074      1.371385269238      5.745103135337
    1      1.892604961683      0.694973847526      7.135488706725
    8      3.801384365813     -1.582841844963      4.842287003661
    1      4.028045972683     -0.853615385659      5.548017191692
    1      3.630328044872     -2.445422463494      5.350624786633
    8     -6.681514715498      0.332387253642      6.351486409629
    1     -6.257847104918      0.757334415217      5.552119884059
    1      3.807647115921      0.868375267695      6.579353793968
    1      2.237126912941     -4.103761127639      5.760590598153
    8      3.275483287377     -3.931693403491      5.669790517626
    1      3.821016936779     -4.527778269302      6.249346061879
    1     -1.695022246655     17.378705052283      6.317453471586
    8     -2.172527154314     18.159605072655      5.968482848949
    1     -3.061781611427     17.835962288524      5.690232049784
    8     -1.388446533405      1.455658227161      6.612234691030
    1     -1.494565743442      1.209174287360      5.638517208983
    1     -1.347894605789      0.603593931899      7.075526831083
    1     -0.295179499223      4.157020870085      5.677283112229
    8     -0.442307153659      4.233953337982      6.669879820756
    1     -0.641262822871      3.318900925174      6.960158347732
    8      1.771893783993     11.974410943516      5.866663553786
    1      2.601712334956     11.739931179794      6.355537259135
    1      1.029585693546     11.534381945988      6.305519561456
    8     -9.467865874249     18.441837909623      7.391900913022
    1    -10.042763134316     17.674035078368      7.138775835424
    1     -8.744487580352     18.084883516945      7.928471675300
    8      0.131827791470     16.617431346323      6.345960959907
    1     -2.766652886610     14.486988191698      5.952397582510
    8     -3.538129597712     15.087303897501      5.965439373208
    1     -4.259724398089     14.668580957676      6.490228517972
    8      0.736382764538     15.446439554165      5.629792866966
    0    0
