   2   1   1 E -1.7735438306521E+04 DE-2.8E-06(  3)
  0.113053570765E+02 -0.692921905325E-02  0.000000000000E+00
 -0.565880240213E+01  0.981981604535E+01  0.000000000000E+00
  0.000000000000E+00  0.000000000000E+00  0.500000000000E+03
    1
  0.100000000000E+01  0.000000000000E+00  0.000000000000E+00
  0.000000000000E+00  0.100000000000E+01  0.000000000000E+00
  0.000000000000E+00  0.000000000000E+00  0.100000000000E+01
  0.000000000000E+00  0.000000000000E+00  0.000000000000E+00
  113
    8     -1.800230571304      1.084963023205      4.060130019211
    8     -3.741473879264      4.263021634722      3.829136235990
    8      0.050572754038     -2.003146047717      4.042427894060
    8      1.854205693636      1.104134750957      4.063974839838
    8     -0.116110544486      4.226291678312      4.081655123769
    8     -5.700807465587      1.083955773459      4.024202434352
    8     -7.435610217290      4.253960731650      4.087158258840
    8     -3.863404580495     -2.019432300676      4.056760351995
  258      1.828706251137     -0.999043156469      3.182341860844
  258      0.012183398086      2.172345456328      3.144203605084
  258      3.753244559381     -4.530397561590      3.180612699903
  258      5.725147817107     -1.038650133825      3.158714983465
  258      3.769004879083      2.220087875306      3.170055343593
  258      7.522804356016     -4.351706422388      3.373466143375
  258     -1.874490625477     -1.071377390970      3.267531418200
  258     -3.779497827045      2.158691275722      3.266300934068
  258      0.017736510681     -4.382734023064      3.353964188846
    8      0.008575064467      0.027685475808      2.347548901400
    8     -1.868659490543      3.198586078799      2.342555350777
    8      2.048423455051     -3.162127710615      2.572982803455
    8      3.744968040507     -0.070654821382      2.405121711016
    8      1.884088180117      3.256110409162      2.389470488684
    8      5.455372355259     -3.205174826615      2.557131327446
    8     -3.742532776544      0.051800307805      2.395743472765
    8     -5.666584271185      3.245422596769      2.381722794915
    8     -1.839894691227     -3.235087202859      2.527278024883
    8      1.863115474385     -1.094814777363      0.834444801507
    8      0.012122406200      2.184348255636      0.798545881816
    8      3.756638411524     -4.406281753983      0.838866724241
    8      5.685140997999     -1.090037122216      0.849028605681
    8      3.764193385354      2.158150277593      0.844404792044
    8      7.499781711002     -4.312636807677      0.892654599345
    8     -1.888736015826     -1.096545954605      0.861104658788
    8     -3.776674787791      2.185014830427      0.812743910904
    8      0.058920810670     -4.322632459490      0.930066606074
  258     -0.002562634150     -0.004369394714      0.003330281794
  258     -1.894188426999      3.261987531489      0.003288578757
  258      1.886453142744     -3.271696291404      0.055228237026
  258      3.766778508045     -0.002541928558      0.018309286694
  258      1.883073257797      3.294229864004      0.042007985713
  258      5.657743157966     -3.277164301594      0.051953167491
  258     -3.759783923393      0.008279368432      0.014185692514
  258     -5.643599444934      3.285471372517      0.054385872164
  258     -1.882850947258     -3.262406673016      0.097392166625
    8     -1.883272891061      1.082996586493     -0.794998487373
    8     -3.783625912012      4.380843154745     -0.783608456464
    8     -0.002464275529     -2.193583500263     -0.772117208818
    8      1.893168473546      1.088300496233     -0.785419367723
    8      0.003656754114      4.377998250709     -0.780024580838
    8      3.772070955195     -2.186156201424     -0.761157944233
    8     -5.659812622506      1.092929892683     -0.781340259721
    8     -7.530857298125      4.393122116670     -0.734271079843
    8     -3.762045796439     -2.179458367486     -0.775177676765
    8      0.000000000000      0.000000000000     -2.343480358560
    8     -1.886267467377      3.273272015126     -2.343480358560
    8      1.886267467381     -3.273272015121     -2.343480358560
    8      3.768452358778     -0.002309739688     -2.343480358560
    8      1.882184891395      3.270962275437     -2.343480358560
    8      5.654719826170     -3.275581754806     -2.343480358560
    8     -3.768452358778      0.002309739678     -2.343480358560
    8     -5.654719826170      3.275581754806     -2.343480358560
    8     -1.882184891402     -3.270962275433     -2.343480358560
  258     -1.884906608718      1.091860584934     -3.124640478080
  258     -3.771174076090      4.365132600064     -3.124640478080
  258      0.001360858664     -2.181411430185     -3.124640478080
  258      1.883545750054      1.089550845252     -3.124640478080
  258     -0.002721717321      4.362822860374     -3.124640478080
  258      3.769813217439     -2.183721169872     -3.124640478080
  258     -5.653358967535      1.094170324608     -3.124640478080
  258     -7.539626434872      4.367442339754     -3.124640478080
  258     -3.767091500119     -2.179101690500     -3.124640478080
    8      1.884906608718     -1.091860584934     -3.905800597599
    8     -0.001360858664      2.181411430185     -3.905800597599
    8      3.771174076090     -4.365132600064     -3.905800597599
    8      5.653358967535     -1.094170324608     -3.905800597599
    8      3.767091500123      2.179101690501     -3.905800597599
    8      7.539626434872     -4.367442339754     -3.905800597599
    8     -1.883545750054     -1.089550845252     -3.905800597599
    8     -3.769813217441      2.183721169872     -3.905800597599
    8      0.002721717320     -4.362822860374     -3.905800597599
    1      5.752756753938      7.416539536555      5.522401566184
    8      2.249296934588      1.503223035029      6.694695427172
    1      1.992386735923      1.367721303933      5.743719483790
    1      1.907077342122      0.693387749899      7.134071885321
    8      3.796010252650     -1.576129365693      4.845592651021
    1      4.026488140613     -0.851572551163      5.552729467512
    1      3.625400605456     -2.441300298393      5.350607698213
    8     -6.669607162404      0.338624439880      6.355169872454
    1     -6.248362113468      0.759785702819      5.552101102177
    1      3.819927626772      0.872941354128      6.580864064578
    1      2.235621431011     -4.095032725020      5.758399105511
    8      3.276052300612     -3.929294029638      5.662743589238
    1      3.816525273864     -4.517051395539      6.254603962850
    1     -1.671808420999     17.394147481895      6.321508594200
    8     -2.167573458853     18.159783951470      5.961359961026
    1     -3.051930960219     17.815321802122      5.692286515493
    8     -1.395675057141      1.455379559277      6.612741540300
    1     -1.500527674014      1.210694476750      5.638343445533
    1     -1.358658539734      0.600805405142      7.073254857642
    1     -0.302084598844      4.157650350602      5.678868099687
    8     -0.442094744182      4.235147016829      6.672505973269
    1     -0.640618246975      3.320119276320      6.962384612814
    8      1.769302557655     11.971444818250      5.864446299129
    1      2.596880954751     11.739702130747      6.358988750818
    1      1.019301860208     11.556442283328      6.316559771474
    8     -9.454572320488     18.448156071345      7.404156744438
    1    -10.029632680812     17.683711623699      7.136463972448
    1     -8.766122831534     18.091561341196      7.983638294776
    8      0.148225930528     16.635602207849      6.342953895048
    1     -2.772698285236     14.475557568250      5.958084168425
    8     -3.542741525560     15.076988902968      5.968594264660
    1     -4.267820689911     14.656577239284      6.487195129063
    8      0.741933279072     15.454975231935      5.632792913243
    0    0
