   2   1   1 E -1.7735437438143E+04 DE-2.2E-06(  5)
  0.113069551593E+02 -0.667953218454E-02  0.000000000000E+00
 -0.565938641894E+01  0.981881578532E+01  0.000000000000E+00
  0.000000000000E+00  0.000000000000E+00  0.500000000000E+03
    1
  0.100000000000E+01  0.000000000000E+00  0.000000000000E+00
  0.000000000000E+00  0.100000000000E+01  0.000000000000E+00
  0.000000000000E+00  0.000000000000E+00  0.100000000000E+01
  0.000000000000E+00  0.000000000000E+00  0.000000000000E+00
  113
    8     -1.803543331728      1.085503706992      4.062795872043
    8     -3.732180840273      4.266208632289      3.837409051599
    8      0.045800655966     -2.005489579553      4.033490855938
    8      1.855228199177      1.105061626292      4.075863425875
    8     -0.110997329779      4.236919430353      4.084043399632
    8     -5.703426012562      1.083135931917      4.034138108659
    8     -7.443196261898      4.258154615750      4.085409115617
    8     -3.869241596750     -2.015856568095      4.053838469492
  258      1.825646339923     -1.000390959894      3.187685956129
  258      0.014992096421      2.175862056741      3.152263731194
  258      3.756701074349     -4.522855615390      3.175591516864
  258      5.724284312580     -1.034577282930      3.151540548493
  258      3.768689623979      2.220042302258      3.169519630364
  258      7.527084027134     -4.346133308760      3.365270716011
  258     -1.874907171257     -1.065889298308      3.259833238036
  258     -3.779355280321      2.164886586256      3.271313381389
  258      0.017003986418     -4.379944438214      3.365651752127
    8      0.009403379408      0.033582971851      2.352374056521
    8     -1.866771761483      3.200871492036      2.345448939788
    8      2.050776974630     -3.163653517062      2.572840487775
    8      3.741433806013     -0.066802865448      2.406848293236
    8      1.883358556133      3.255934595974      2.395382154219
    8      5.463835598851     -3.203789481058      2.547114467188
    8     -3.746009242980      0.056404028632      2.394573518510
    8     -5.662211523961      3.244473158739      2.386292155853
    8     -1.845744154883     -3.231511888490      2.517733710742
    8      1.860442962816     -1.095141590435      0.838098282988
    8      0.013498746521      2.186933782067      0.802474417027
    8      3.759222953140     -4.404887019129      0.837996358029
    8      5.681424836004     -1.086533441731      0.845651338796
    8      3.765847416509      2.160347759796      0.844967240806
    8      7.499001017005     -4.317361209140      0.887296018176
    8     -1.887600210030     -1.090536859211      0.864190098086
    8     -3.775216372549      2.186168554093      0.809462322063
    8      0.059135986155     -4.320682380878      0.930986579139
  258     -0.002914914791     -0.001812900202      0.005832075556
  258     -1.894565503119      3.262100940496      0.003599540457
  258      1.883742677838     -3.269659030802      0.057737310100
  258      3.765908281756     -0.000781870940      0.017574094418
  258      1.882364686257      3.295205230895      0.040584680671
  258      5.657289645344     -3.276595175172      0.048853469743
  258     -3.762001584747      0.010118155209      0.011390131340
  258     -5.643612569564      3.286908140940      0.059023375620
  258     -1.881662840867     -3.261210887160      0.099482830281
    8     -1.881795409531      1.082643363412     -0.794999578691
    8     -3.784616342385      4.382609047244     -0.781913219438
    8     -0.004356670427     -2.191541986203     -0.771597100222
    8      1.892810745106      1.088975550641     -0.784505955476
    8      0.001652653834      4.375992326115     -0.782539421561
    8      3.770602843837     -2.185212130470     -0.762182183284
    8     -5.661707863731      1.094014905330     -0.781205020707
    8     -7.531045513498      4.393454016431     -0.734292352916
    8     -3.761060349675     -2.176403855877     -0.773478867930
    8      0.000000000000      0.000000000000     -2.343480358560
    8     -1.886462139648      3.272938595115     -2.343480358560
    8      1.886462139652     -3.272938595110     -2.343480358560
    8      3.768985053058     -0.002226510731     -2.343480358560
    8      1.882522913404      3.270712084383     -2.343480358560
    8      5.655447192720     -3.275165105840     -2.343480358560
    8     -3.768985053058      0.002226510721     -2.343480358560
    8     -5.655447192720      3.275165105840     -2.343480358560
    8     -1.882522913411     -3.270712084379     -2.343480358560
  258     -1.885149064235      1.091721701945     -3.124640478080
  258     -3.771611203878      4.364660297065     -3.124640478080
  258      0.001313075418     -2.181216893163     -3.124640478080
  258      1.883835988817      1.089495191220     -3.124640478080
  258     -0.002626150829      4.362433786331     -3.124640478080
  258      3.770298128473     -2.183443403895     -3.124640478080
  258     -5.654134117332      1.093948212663     -3.124640478080
  258     -7.540596256940      4.366886807799     -3.124640478080
  258     -3.767671977645     -2.178990382435     -3.124640478080
    8      1.885149064235     -1.091721701945     -3.905800597599
    8     -0.001313075418      2.181216893163     -3.905800597599
    8      3.771611203878     -4.364660297065     -3.905800597599
    8      5.654134117332     -1.093948212663     -3.905800597599
    8      3.767671977649      2.178990382436     -3.905800597599
    8      7.540596256940     -4.366886807799     -3.905800597599
    8     -1.883835988817     -1.089495191220     -3.905800597599
    8     -3.770298128475      2.183443403895     -3.905800597599
    8      0.002626150828     -4.362433786331     -3.905800597599
    1      5.648904231877      7.386944874864      5.545446287363
    8      2.213817171954      1.341701105714      6.747825742554
    1      1.969082926792      1.272397200541      5.787520178221
    1      1.893594672806      0.496431315090      7.131096952759
    8      3.805116491245     -1.584307311472      4.831673962974
    1      4.056571188466     -0.848631838294      5.531684103720
    1      3.636775959330     -2.439233171107      5.349657561843
    8     -6.683652536653      0.302632593747      6.347005146657
    1     -6.277114067634      0.761276401650      5.556860713596
    1      3.794399910264      0.808717006360      6.602185186222
    1      2.270182723110     -4.092821429176      5.788178566668
    8      3.291531865061     -3.927785313617      5.684095941158
    1      3.850032680243     -4.524178638665      6.254932612381
    1     -1.801308334858     17.393209104886      6.349365847739
    8     -2.229440455964     18.188076525449      5.970158452794
    1     -3.108458800704     17.878104591594      5.633942301826
    8     -1.381615192722      1.540210902792      6.598470696405
    1     -1.499563907879      1.240453085529      5.640063676906
    1     -1.284564996267      0.719289243999      7.111285308845
    1     -0.277124424650      4.206786463526      5.674322754060
    8     -0.417378642079      4.296002504517      6.669559590407
    1     -0.630254387318      3.382886268695      6.956308174240
    8      1.750337024395     11.986064919296      5.873887333654
    1      2.591231268161     11.786405218270      6.358095224030
    1      1.042673942101     11.464154319065      6.284486830310
    8     -9.516008989321     18.308496657570      7.392972503756
    1    -10.137601692118     17.577266624839      7.130216205324
    1     -8.770610824833     17.902430628938      7.868158441903
    8      0.023391564507     16.568534538239      6.333652022109
    1     -2.757921681038     14.518893793485      5.939405730302
    8     -3.528441538995     15.119854355577      5.962301997572
    1     -4.249635140717     14.708762950666      6.492006671963
    8      0.734682131757     15.452096938743      5.624689278027
    0    0
