   2   1   1 E -1.7735437792623E+04 DE-1.2E-06(  5)
  0.113062513285E+02 -0.760901722731E-02  0.000000000000E+00
 -0.565984056443E+01  0.981986816748E+01  0.000000000000E+00
  0.000000000000E+00  0.000000000000E+00  0.500000000000E+03
    1
  0.100000000000E+01  0.000000000000E+00  0.000000000000E+00
  0.000000000000E+00  0.100000000000E+01  0.000000000000E+00
  0.000000000000E+00  0.000000000000E+00  0.100000000000E+01
  0.000000000000E+00  0.000000000000E+00  0.000000000000E+00
  113
    8     -1.804981452476      1.086732043470      4.062365933588
    8     -3.735113326889      4.265620911197      3.831258045304
    8      0.044720581432     -1.997801462735      4.040883933430
    8      1.854798126306      1.106839529388      4.070950310737
    8     -0.110737500519      4.232881244390      4.082638496029
    8     -5.701887725637      1.080562713779      4.031321537794
    8     -7.442560044348      4.253091132634      4.086082415296
    8     -3.867679340688     -2.020532825845      4.054710424860
  258      1.824073085415     -1.000750110106      3.186369430391
  258      0.014261113166      2.176012097491      3.147685743142
  258      3.755587718923     -4.526628537431      3.176289336195
  258      5.724890991105     -1.038695556084      3.154185192778
  258      3.768083529832      2.216183445705      3.171324533056
  258      7.526285949649     -4.347009869289      3.367858336743
  258     -1.872749948098     -1.066921965914      3.262710123041
  258     -3.779297635582      2.160897942374      3.266421991178
  258      0.017250929779     -4.386861369400      3.361488993025
    8      0.009100050624      0.033493877367      2.349238623725
    8     -1.865944568060      3.200719575916      2.343432940105
    8      2.049578916211     -3.160660853611      2.572181396551
    8      3.746032497737     -0.070140448032      2.405083003189
    8      1.883447062212      3.257426183274      2.390022817938
    8      5.461183828883     -3.207864625067      2.551123781499
    8     -3.743842867008      0.054052531090      2.394158646539
    8     -5.665637508446      3.243380067361      2.387301941711
    8     -1.841218719793     -3.232962649797      2.523303996532
    8      1.860997860050     -1.093631506299      0.836025514296
    8      0.012538476915      2.185766817275      0.801737159521
    8      3.758579258663     -4.406054324700      0.837702721680
    8      5.685987128459     -1.089474929918      0.845154581563
    8      3.763508459221      2.158170921833      0.844720355662
    8      7.502428936811     -4.314198086098      0.890282348532
    8     -1.886393409880     -1.092760015203      0.861759495168
    8     -3.776101138455      2.186827043762      0.813796697846
    8      0.060370915182     -4.323964659215      0.933552338414
  258     -0.001925883124     -0.002395787724      0.003393629778
  258     -1.894021699919      3.262808183375      0.002854802963
  258      1.885259855403     -3.271277222868      0.057910008982
  258      3.766208894229     -0.002308379336      0.019178583214
  258      1.883608826041      3.294688257116      0.042771399545
  258      5.659244631019     -3.276677364947      0.048882322706
  258     -3.760194497022      0.009594280378      0.012702993736
  258     -5.643481538701      3.285944902865      0.055072051602
  258     -1.881598186667     -3.262270177961      0.099104949338
    8     -1.881984841791      1.083985064539     -0.795392698579
    8     -3.785237379898      4.381693831837     -0.781510643959
    8     -0.003187202927     -2.195169646080     -0.771892272728
    8      1.893171143898      1.089136996702     -0.785561772047
    8      0.003376761290      4.376654260777     -0.781106958115
    8      3.770938105423     -2.185889410200     -0.760600490474
    8     -5.660228859128      1.094196860242     -0.781561766485
    8     -7.529135654596      4.393380517086     -0.733631995865
    8     -3.759940063320     -2.177763663118     -0.774880742603
    8      0.000000000000      0.000000000000     -2.343480358560
    8     -1.886613521476      3.273289389169     -2.343480358560
    8      1.886613521480     -3.273289389164     -2.343480358560
    8      3.768750442777     -0.002536339079     -2.343480358560
    8      1.882136921294      3.270753050089     -2.343480358560
    8      5.655363964267     -3.275825728241     -2.343480358560
    8     -3.768750442777      0.002536339069     -2.343480358560
    8     -5.655363964267      3.275825728241     -2.343480358560
    8     -1.882136921301     -3.270753050085     -2.343480358560
  258     -1.885121321418      1.091941909412     -3.124640478080
  258     -3.771734842888      4.365231298586     -3.124640478080
  258      0.001492200064     -2.181347479750     -3.124640478080
  258      1.883629121354      1.089405570339     -3.124640478080
  258     -0.002984400120      4.362694959504     -3.124640478080
  258      3.770242642837     -2.183883818829     -3.124640478080
  258     -5.653871764233      1.094478248478     -3.124640478080
  258     -7.540485285669      4.367767637667     -3.124640478080
  258     -3.767258242718     -2.178811140674     -3.124640478080
    8      1.885121321418     -1.091941909412     -3.905800597599
    8     -0.001492200064      2.181347479750     -3.905800597599
    8      3.771734842888     -4.365231298586     -3.905800597599
    8      5.653871764233     -1.094478248478     -3.905800597599
    8      3.767258242722      2.178811140675     -3.905800597599
    8      7.540485285669     -4.367767637667     -3.905800597599
    8     -1.883629121354     -1.089405570339     -3.905800597599
    8     -3.770242642839      2.183883818829     -3.905800597599
    8      0.002984400119     -4.362694959504     -3.905800597599
    1      5.682295259781      7.388702420886      5.535206034801
    8      2.215142919462      1.389325132309      6.732171008821
    1      1.968081463013      1.302445372686      5.773848526246
    1      1.890574449145      0.547565027881      7.129069261440
    8      3.803918837134     -1.589002133351      4.832662595272
    1      4.040517258982     -0.850055150952      5.530742132795
    1      3.638304387376     -2.444174848652      5.351887766303
    8     -6.688401557838      0.317464819724      6.341437160092
    1     -6.267889715429      0.757933778027      5.548064491268
    1      3.794517447374      0.837266948791      6.577736854386
    1      2.270381290016     -4.104979435141      5.786741585457
    8      3.294821245237     -3.936982328478      5.681949700301
    1      3.853980435554     -4.532789971702      6.251956890808
    1     -1.756893704133     17.387622363771      6.323268991721
    8     -2.203309059353     18.181016196526      5.964120811109
    1     -3.085574982567     17.869739681187      5.646490199119
    8     -1.393444254816      1.516929057205      6.600905299381
    1     -1.504810768625      1.230075035080      5.639178209652
    1     -1.313253415747      0.690169285872      7.102332680446
    1     -0.280965524861      4.184486353918      5.671380424454
    8     -0.422498762940      4.266408284530      6.666752432442
    1     -0.638279380970      3.352578130191      6.951026700334
    8      1.746913859030     11.979255897303      5.868775490104
    1      2.587599631397     11.776688273801      6.353088087963
    1      1.033545606116     11.471631112489      6.287126523913
    8     -9.490344889347     18.344610815379      7.392202842275
    1    -10.103758611355     17.604717036472      7.137301342516
    1     -8.748350305802     17.946815118019      7.869251284003
    8      0.056700073596     16.580112099227      6.330496448426
    1     -2.760689660800     14.482270300103      5.931390718488
    8     -3.526786346661     15.089737586076      5.962573533256
    1     -4.250154405090     14.672281444183      6.488470527019
    8      0.739217485522     15.448116389138      5.618432707653
    0    0
