   2   1   1 E -1.7735436201969E+04 DE-3.8E-06(  9)
  0.113040829778E+02 -0.636346656217E-02  0.000000000000E+00
 -0.565767258555E+01  0.982244996795E+01  0.000000000000E+00
  0.000000000000E+00  0.000000000000E+00  0.500000000000E+03
    1
  0.100000000000E+01  0.000000000000E+00  0.000000000000E+00
  0.000000000000E+00  0.100000000000E+01  0.000000000000E+00
  0.000000000000E+00  0.000000000000E+00  0.100000000000E+01
  0.000000000000E+00  0.000000000000E+00  0.000000000000E+00
  113
    8     -1.794562795362      1.080886280028      4.057182637247
    8     -3.720331473887      4.257417386991      3.848167616319
    8      0.044420466520     -2.009724072082      4.042619467717
    8      1.851398549133      1.094110923854      4.079112315461
    8     -0.106595197141      4.238586496563      4.080553866901
    8     -5.710489070903      1.078050974335      4.036584668204
    8     -7.444089266937      4.255143480105      4.072671485092
    8     -3.869252962896     -2.016161427836      4.043132645962
  258      1.825031711974     -1.009738218431      3.190111558429
  258      0.013646135340      2.171840995041      3.151507532558
  258      3.757798871807     -4.528789973248      3.176354538806
  258      5.719738983015     -1.035192287767      3.145649755188
  258      3.766495725401      2.221440380127      3.170611606145
  258      7.526799109192     -4.354945230336      3.359696943587
  258     -1.875486943213     -1.068731816094      3.255863416026
  258     -3.778306143376      2.163450204045      3.276820388164
  258      0.018628796858     -4.386213966300      3.357868502806
    8      0.010029763206      0.026510895099      2.351356253933
    8     -1.864955162716      3.201740220887      2.347574900011
    8      2.039881835896     -3.175630742238      2.577109813653
    8      3.731144657680     -0.070537584667      2.408836494882
    8      1.879909087205      3.249492510507      2.393447063371
    8      5.460642138512     -3.205936478961      2.538118210758
    8     -3.746258214781      0.058082346005      2.395002385120
    8     -5.654073184192      3.243976981656      2.385951690903
    8     -1.843096402934     -3.234421215145      2.520799014359
    8      1.861105844426     -1.103030388733      0.838169611479
    8      0.012034313084      2.184564644122      0.795439521779
    8      3.753322566791     -4.406975936703      0.838971993785
    8      5.676806322609     -1.087214480436      0.846413538592
    8      3.769055226458      2.161826380688      0.847195473760
    8      7.497641967339     -4.322837027755      0.887254262058
    8     -1.890392596142     -1.094479650069      0.863059336172
    8     -3.772761511932      2.185427817870      0.806751958837
    8      0.053423569973     -4.326128845917      0.923194604802
  258     -0.002557667614     -0.005224557910      0.005327646887
  258     -1.893405377919      3.260697029726      0.004029545229
  258      1.883036224522     -3.272426085445      0.053132418002
  258      3.763557466898     -0.002409895601      0.016121637707
  258      1.880970105444      3.293760989522      0.037849640081
  258      5.653931479534     -3.280355299139      0.050191301400
  258     -3.760308174139      0.010459408238      0.011483281226
  258     -5.642835665514      3.286979269199      0.057937734498
  258     -1.882129429410     -3.263999832755      0.095384243022
    8     -1.883555918741      1.080947051825     -0.796655064391
    8     -3.782872818700      4.383030288809     -0.786680919757
    8     -0.004457652620     -2.190286631913     -0.771957898958
    8      1.893093449378      1.087830505054     -0.784467965592
    8      0.002121917060      4.379976035423     -0.781792245093
    8      3.770708388213     -2.187449553418     -0.763217198998
    8     -5.660754071839      1.094000297703     -0.781373064695
    8     -7.533290487837      4.393697893018     -0.738819332535
    8     -3.763250043768     -2.179830833644     -0.773998005980
    8      0.000000000000      0.000000000000     -2.343480358560
    8     -1.885890861850      3.274149989327     -2.343480358560
    8      1.885890861854     -3.274149989322     -2.343480358560
    8      3.768027659204     -0.002121155524     -2.343480358560
    8      1.882136797348      3.272028833802     -2.343480358560
    8      5.653918521069     -3.276271144844     -2.343480358560
    8     -3.768027659204      0.002121155514     -2.343480358560
    8     -5.653918521069      3.276271144844     -2.343480358560
    8     -1.882136797355     -3.272028833798     -2.343480358560
  258     -1.884639507018      1.092090381613     -3.124640478080
  258     -3.770530368863      4.366240370945     -3.124640478080
  258      0.001251354837     -2.182059607707     -3.124640478080
  258      1.883388152181      1.089969226095     -3.124640478080
  258     -0.002502709668      4.364119215418     -3.124640478080
  258      3.769279014038     -2.184180763231     -3.124640478080
  258     -5.652667166261      1.094211537124     -3.124640478080
  258     -7.538558028071      4.368361526471     -3.124640478080
  258     -3.766776304372     -2.179938452186     -3.124640478080
    8      1.884639507018     -1.092090381613     -3.905800597599
    8     -0.001251354837      2.182059607707     -3.905800597599
    8      3.770530368863     -4.366240370945     -3.905800597599
    8      5.652667166261     -1.094211537124     -3.905800597599
    8      3.766776304376      2.179938452187     -3.905800597599
    8      7.538558028071     -4.368361526471     -3.905800597599
    8     -1.883388152181     -1.089969226095     -3.905800597599
    8     -3.769279014040      2.184180763231     -3.905800597599
    8      0.002502709667     -4.364119215418     -3.905800597599
    1      5.553971055717      7.306954275031      5.522546845104
    8      2.169082313306      1.186033547866      6.766826045630
    1      1.939024780346      1.182738598240      5.801348702920
    1      1.849723582599      0.311225201069      7.089755955812
    8      3.810379740464     -1.626406214856      4.815387921627
    1      4.056432005923     -0.885391684163      5.522041900128
    1      3.634585291765     -2.479013840140      5.338083149983
    8     -6.696586508379      0.244747975309      6.342403585386
    1     -6.307120113615      0.734693954893      5.564938060677
    1      3.756663412759      0.714822800581      6.610276241942
    1      2.287813761973     -4.129737323288      5.808147792185
    8      3.297384188864     -3.956570703735      5.709327513577
    1      3.865220718589     -4.557901034456      6.267808140259
    1     -1.875275900479     17.451970556717      6.413023019825
    8     -2.269421569752     18.231333714527      5.968409013695
    1     -3.128734466831     17.896264920073      5.600446068443
    8     -1.350642020858      1.559391034073      6.583608446716
    1     -1.480189104556      1.245671973789      5.631525263557
    1     -1.196783998900      0.752906878288      7.104695096365
    1     -0.250312683050      4.210592112370      5.664114002372
    8     -0.385655960908      4.286416753901      6.662942962264
    1     -0.590953182219      3.365578698841      6.938966564644
    8      1.751364786246     11.927344440634      5.876349577570
    1      2.593471983505     11.740099045094      6.362413809910
    1      1.059499911815     11.373747720647      6.268379397933
    8     -9.607750183819     18.156913243967      7.362254960692
    1    -10.253779974113     17.460568883107      7.076509867988
    1     -8.883185263822     17.692352366103      7.801170074603
    8     -0.095856563193     16.461010838671      6.284453341982
    1     -2.713036638708     14.618329589563      5.978130340317
    8     -3.506193084939     15.181140820535      5.959477342271
    1     -4.217281261110     14.758802975842      6.493936387989
    8      0.707427136926     15.398835135064      5.602862788445
    0    0
