   2   1   1 E -1.7735438045199E+04 DE-2.2E-06(  3)
  0.113053323155E+02 -0.690870186407E-02  0.000000000000E+00
 -0.565877217409E+01  0.981983722993E+01  0.000000000000E+00
  0.000000000000E+00  0.000000000000E+00  0.500000000000E+03
    1
  0.100000000000E+01  0.000000000000E+00  0.000000000000E+00
  0.000000000000E+00  0.100000000000E+01  0.000000000000E+00
  0.000000000000E+00  0.000000000000E+00  0.100000000000E+01
  0.000000000000E+00  0.000000000000E+00  0.000000000000E+00
  113
    8     -1.800327760529      1.084884042468      4.060082417616
    8     -3.741846517675      4.263927293647      3.829471052151
    8      0.050739455172     -2.002671927389      4.041798441766
    8      1.854571186850      1.103801630169      4.063583101514
    8     -0.116399733565      4.225948974815      4.081568112462
    8     -5.701378276738      1.084818323130      4.023457344323
    8     -7.435640962538      4.254249286206      4.087313626673
    8     -3.863653198431     -2.019248483492      4.056579165054
  258      1.829401591303     -0.999120329264      3.181992923111
  258      0.012104211222      2.171947710394      3.144229944783
  258      3.753653476265     -4.530457252625      3.180586228152
  258      5.725278307285     -1.038761518610      3.158715583650
  258      3.769070182948      2.220433261548      3.170397952851
  258      7.522428086114     -4.351788700197      3.372743833947
  258     -1.874688572323     -1.071518197140      3.267300175390
  258     -3.780104781579      2.159748136603      3.265887642264
  258      0.017325611346     -4.382690791356      3.354781281576
    8      0.008433324326      0.027911140539      2.347295930014
    8     -1.868304584256      3.199034142203      2.342858042454
    8      2.049736380254     -3.161702942887      2.573047778798
    8      3.744851096061     -0.070905324478      2.404552807471
    8      1.884397039790      3.256431685666      2.389373272755
    8      5.454864288577     -3.205015466622      2.556726002421
    8     -3.742694577981      0.051941588717      2.396003045356
    8     -5.666145044710      3.245778403611      2.381585806813
    8     -1.840234706390     -3.235171173757      2.527176181615
    8      1.862971520096     -1.094843463059      0.834513943230
    8      0.012046888797      2.184419157476      0.798472342702
    8      3.756182529176     -4.406727793872      0.838564457131
    8      5.685196676728     -1.090275182176      0.848585406047
    8      3.764419514958      2.158422507586      0.844221832772
    8      7.499402059914     -4.312688457282      0.892779923239
    8     -1.888587272558     -1.096711391255      0.860522331378
    8     -3.776654846725      2.185225938304      0.813397464232
    8      0.058835424232     -4.322502481188      0.930497163926
  258     -0.002185620410     -0.004624077862      0.003135700764
  258     -1.893880071572      3.262003702075      0.003423149818
  258      1.886278365135     -3.271910994456      0.055409223218
  258      3.766851088468     -0.002224869000      0.018306222793
  258      1.883203711775      3.294575209236      0.042883293966
  258      5.657688581896     -3.277156759442      0.051806426208
  258     -3.759925126681      0.008346342378      0.014702272936
  258     -5.643394483556      3.285589217226      0.053970793374
  258     -1.882855583389     -3.262387673622      0.097846990923
    8     -1.883555579494      1.082961121454     -0.794900123372
    8     -3.783925409481      4.380707513572     -0.783880147710
    8     -0.002457448863     -2.193632562039     -0.771644229584
    8      1.893175840196      1.088931287308     -0.785604144878
    8      0.003868854551      4.378113781688     -0.780090163216
    8      3.771880467564     -2.186210636692     -0.760879329016
    8     -5.659906606535      1.092960668450     -0.780991319231
    8     -7.531167004380      4.393438870142     -0.734465932026
    8     -3.762173932488     -2.179539870725     -0.775381778049
    8      0.000000000000      0.000000000000     -2.343480358560
    8     -1.886257391363      3.273279076655     -2.343480358560
    8      1.886257391367     -3.273279076650     -2.343480358560
    8      3.768444105130     -0.002302900625     -2.343480358560
    8      1.882186713760      3.270976176029     -2.343480358560
    8      5.654701496508     -3.275581977272     -2.343480358560
    8     -3.768444105130      0.002302900615     -2.343480358560
    8     -5.654701496508      3.275581977272     -2.343480358560
    8     -1.882186713767     -3.270976176025     -2.343480358560
  258     -1.884900498831      1.091860659089     -3.124640478080
  258     -3.771157890189      4.365139735749     -3.124640478080
  258      0.001356892537     -2.181418417559     -3.124640478080
  258      1.883543606294      1.089557758471     -3.124640478080
  258     -0.002713785068      4.362836835122     -3.124640478080
  258      3.769800997664     -2.183721318183     -3.124640478080
  258     -5.653344604000      1.094163559701     -3.124640478080
  258     -7.539601995323      4.367442636376     -3.124640478080
  258     -3.767087212598     -2.179115516937     -3.124640478080
    8      1.884900498831     -1.091860659089     -3.905800597599
    8     -0.001356892537      2.181418417559     -3.905800597599
    8      3.771157890189     -4.365139735749     -3.905800597599
    8      5.653344604000     -1.094163559701     -3.905800597599
    8      3.767087212602      2.179115516938     -3.905800597599
    8      7.539601995323     -4.367442636376     -3.905800597599
    8     -1.883543606294     -1.089557758471     -3.905800597599
    8     -3.769800997666      2.183721318183     -3.905800597599
    8      0.002713785067     -4.362836835122     -3.905800597599
    1      5.753776428933      7.416925772807      5.521852510657
    8      2.250449941881      1.501815404492      6.694696177457
    1      1.993049237522      1.367154755421      5.743777876989
    1      1.908023686888      0.691554871167      7.133616203673
    8      3.795686319246     -1.575727583900      4.846138323012
    1      4.026788895058     -0.851465791151      5.552975617083
    1      3.625124325141     -2.440914608167      5.351272271500
    8     -6.668221256291      0.338793587644      6.356168835445
    1     -6.248627279198      0.759237590637      5.552198470358
    1      3.820589352577      0.872270981858      6.582307642806
    1      2.236008911647     -4.094557693306      5.758359675656
    8      3.276413477937     -3.929658345964      5.663487317342
    1      3.815786802979     -4.516729374414      6.256299878272
    1     -1.670511094875     17.395288184582      6.321821189154
    8     -2.167797547561     18.159585474363      5.960814041353
    1     -3.052006308550     17.813462782623      5.692877227455
    8     -1.395422553890      1.455549850105      6.612317842109
    1     -1.500465385230      1.209965144380      5.638191668599
    1     -1.356836429937      0.601606367935      7.074714932006
    1     -0.302400103718      4.157705933527      5.678694792123
    8     -0.439715225735      4.235064836414      6.672556369676
    1     -0.638213506071      3.320027104151      6.962422551277
    8      1.768467311377     11.971725325832      5.864223253636
    1      2.596168896467     11.739443396647      6.358357273256
    1      1.018322748945     11.555260926469      6.315963332020
    8     -9.453489167983     18.447367324427      7.404125673176
    1    -10.027436544905     17.683007965812      7.135077721872
    1     -8.769732375265     18.092968201638      7.990172412170
    8      0.148350432889     16.636221163059      6.342637761818
    1     -2.773701151090     14.475263676867      5.957399992187
    8     -3.542517788007     15.078239404242      5.969200284401
    1     -4.268841625619     14.656855173977      6.485454981791
    8      0.742013576667     15.454990700714      5.632932488611
    0    0
