   2   1   1 E -1.7735436528614E+04 DE-4.4E-06(  6)
  0.113065359500E+02 -0.595389547070E-02  0.000000000000E+00
 -0.565854563339E+01  0.982026829444E+01  0.000000000000E+00
  0.000000000000E+00  0.000000000000E+00  0.500000000000E+03
    1
  0.100000000000E+01  0.000000000000E+00  0.000000000000E+00
  0.000000000000E+00  0.100000000000E+01  0.000000000000E+00
  0.000000000000E+00  0.000000000000E+00  0.100000000000E+01
  0.000000000000E+00  0.000000000000E+00  0.000000000000E+00
  113
    8     -1.799723601778      1.078669150022      4.059430736332
    8     -3.728905012151      4.259080637321      3.845740859390
    8      0.043438962581     -2.018950679453      4.032693099394
    8      1.851880271236      1.097662774607      4.080664213149
    8     -0.114452092449      4.234844440256      4.082729467470
    8     -5.710645082692      1.078647361370      4.036180435332
    8     -7.444026686833      4.259155597445      4.080818980926
    8     -3.873655361412     -2.013401728451      4.048670607582
  258      1.825704962269     -1.007441614491      3.190850873066
  258      0.011342083803      2.170964979935      3.154428865937
  258      3.756277063728     -4.527133617252      3.177494746379
  258      5.719350092471     -1.034993501373      3.146692112025
  258      3.766259926155      2.223443298750      3.170898672292
  258      7.525616357911     -4.352548386863      3.361471451537
  258     -1.878701953862     -1.069099639332      3.256287848981
  258     -3.780184011638      2.164038106631      3.277137255929
  258      0.015513725579     -4.380064403997      3.360818511747
    8      0.007260089707      0.028797094268      2.353130105578
    8     -1.869225659486      3.199362938709      2.347774093871
    8      2.045846586586     -3.175494807219      2.574540051280
    8      3.731914662831     -0.067775900320      2.409719386116
    8      1.880449555840      3.248674970758      2.396811624039
    8      5.461280924989     -3.204235839290      2.538380616082
    8     -3.749680815162      0.056302305344      2.394737161047
    8     -5.658022269037      3.243892823440      2.384945440952
    8     -1.849482272337     -3.234528474763      2.514757821559
    8      1.860003328618     -1.100712385849      0.838877863556
    8      0.012173075843      2.185766991467      0.798519975447
    8      3.755974389185     -4.406450859567      0.838595424488
    8      5.674329919016     -1.087448700748      0.846756854067
    8      3.767892782220      2.161996843652      0.847204682707
    8      7.493536460012     -4.323121824316      0.883397623908
    8     -1.891792706309     -1.093101282704      0.864532614763
    8     -3.774631216354      2.183812108494      0.806057322088
    8      0.053607273798     -4.322924169450      0.925942761026
  258     -0.003886377021     -0.004099899414      0.006506469716
  258     -1.895067561363      3.259990742119      0.004084750446
  258      1.881905302998     -3.271033282507      0.054821754696
  258      3.763503952606     -0.001623497517      0.016480396413
  258      1.880217781889      3.293863480786      0.038090258040
  258      5.653081210964     -3.279864530147      0.049125910604
  258     -3.763666171601      0.009539508814      0.011303592291
  258     -5.644708650531      3.287255647435      0.061082125750
  258     -1.882876981349     -3.263513626666      0.097761836987
    8     -1.884605231477      1.080930336347     -0.795886453695
    8     -3.784527366702      4.382392506641     -0.785401024260
    8     -0.005209081912     -2.189676510015     -0.771885721831
    8      1.892429280599      1.087694416569     -0.784251759821
    8      0.000653333226      4.377270790101     -0.783183672080
    8      3.770561239724     -2.186755470041     -0.763256874002
    8     -5.662837869685      1.093958509264     -0.780117384727
    8     -7.534369398691      4.393477115537     -0.736189658420
    8     -3.764048797712     -2.178735697691     -0.772778336673
    8      0.000000000000      0.000000000000     -2.343480358560
    8     -1.886181877798      3.273422764823     -2.343480358560
    8      1.886181877802     -3.273422764818     -2.343480358560
    8      3.768845316618     -0.001984631827     -2.343480358560
    8      1.882663438814      3.271438132996     -2.343480358560
    8      5.655027194430     -3.275407396643     -2.343480358560
    8     -3.768845316618      0.001984631817     -2.343480358560
    8     -5.655027194430      3.275407396643     -2.343480358560
    8     -1.882663438821     -3.271438132992     -2.343480358560
  258     -1.885009064805      1.091802465546     -3.124640478080
  258     -3.771190942597      4.365225230374     -3.124640478080
  258      0.001172812998     -2.181620299270     -3.124640478080
  258      1.883836251807      1.089817833725     -3.124640478080
  258     -0.002345625988      4.363240598545     -3.124640478080
  258      3.770018129612     -2.183604931097     -3.124640478080
  258     -5.653854381462      1.093787097360     -3.124640478080
  258     -7.540036259219      4.367209862203     -3.124640478080
  258     -3.767672503625     -2.179635667447     -3.124640478080
    8      1.885009064805     -1.091802465546     -3.905800597599
    8     -0.001172812998      2.181620299270     -3.905800597599
    8      3.771190942597     -4.365225230374     -3.905800597599
    8      5.653854381462     -1.093787097360     -3.905800597599
    8      3.767672503629      2.179635667448     -3.905800597599
    8      7.540036259219     -4.367209862203     -3.905800597599
    8     -1.883836251807     -1.089817833725     -3.905800597599
    8     -3.770018129614      2.183604931097     -3.905800597599
    8      0.002345625987     -4.363240598545     -3.905800597599
    1      5.586148749316      7.338501497665      5.552151175528
    8      2.173477460255      1.238972337546      6.769922676963
    1      1.944447433828      1.214712164107      5.803404374340
    1      1.863322380682      0.367927871221      7.109396953470
    8      3.778528080125     -1.610041658288      4.827902670075
    1      4.049271920330     -0.874649358051      5.527343291463
    1      3.607276940892     -2.466504305830      5.344568457731
    8     -6.690006218248      0.254941557999      6.345543513090
    1     -6.300142483556      0.739786869543      5.565201285794
    1      3.777884538612      0.741753496851      6.620485615501
    1      2.255856828324     -4.116221294206      5.796424508445
    8      3.269736964952     -3.948789333114      5.696565931040
    1      3.830572518159     -4.548003468005      6.262649904591
    1     -1.872789810829     17.418408210707      6.397476226672
    8     -2.266925779726     18.208976744710      5.973852799751
    1     -3.133542873665     17.888530038924      5.604379873441
    8     -1.359391961057      1.546898785024      6.588706490364
    1     -1.485819898610      1.238794849692      5.634823488602
    1     -1.225048475298      0.735136174350      7.107803989526
    1     -0.288968784578      4.198408146617      5.677304962978
    8     -0.430257964241      4.283779674709      6.670528846005
    1     -0.643173639997      3.368583517198      6.946421909989
    8      1.755344658706     11.947866449276      5.871617358090
    1      2.595702262188     11.752437520756      6.359772741492
    1      1.052096541278     11.412950872359      6.276348121306
    8     -9.573960347685     18.190903825019      7.383706804638
    1    -10.215455918349     17.485582155150      7.097979442137
    1     -8.849395269101     17.741335546328      7.845728243341
    8     -0.045446742881     16.512878810066      6.329446312704
    1     -2.759491252075     14.535977890259      5.964196586477
    8     -3.544008104296     15.116745908352      5.965754088966
    1     -4.254293478783     14.705454021982      6.505835095387
    8      0.706164873142     15.415934247630      5.614397254224
    0    0
