   2   1   1 E -1.7735438024697E+04 DE-4.7E-06(  9)
  0.113053568025E+02 -0.692457909221E-02  0.000000000000E+00
 -0.565879823473E+01  0.981981606368E+01  0.000000000000E+00
  0.000000000000E+00  0.000000000000E+00  0.500000000000E+03
    1
  0.100000000000E+01  0.000000000000E+00  0.000000000000E+00
  0.000000000000E+00  0.100000000000E+01  0.000000000000E+00
  0.000000000000E+00  0.000000000000E+00  0.100000000000E+01
  0.000000000000E+00  0.000000000000E+00  0.000000000000E+00
  113
    8     -1.800218357949      1.084976544506      4.060109181261
    8     -3.741495340927      4.263070197956      3.829188870890
    8      0.050547150005     -2.003077054108      4.042365405701
    8      1.854235894064      1.104124368955      4.063936777706
    8     -0.116130328354      4.226281143537      4.081674055034
    8     -5.700870936302      1.084020529654      4.024151347754
    8     -7.435608777443      4.254008415456      4.087185812414
    8     -3.863425345357     -2.019429327357      4.056743635765
  258      1.828723802473     -0.999016146740      3.182283140296
  258      0.012186634162      2.172356727872      3.144196253830
  258      3.753267076722     -4.530399549995      3.180613513389
  258      5.725142102885     -1.038644818293      3.158717140541
  258      3.769006545154      2.220132095473      3.170085377916
  258      7.522773264697     -4.351668272707      3.373471984473
  258     -1.874495508952     -1.071379930250      3.267510778110
  258     -3.779529309366      2.158734937841      3.266277332581
  258      0.017692984051     -4.382719844867      3.354013144249
    8      0.008576881521      0.027719840612      2.347522212298
    8     -1.868653284835      3.198629957665      2.342587499976
    8      2.048496857533     -3.162101988580      2.572986457695
    8      3.744950626045     -0.070658444885      2.405049747616
    8      1.884088164604      3.256143745298      2.389469333271
    8      5.455326110374     -3.205166361344      2.557102344972
    8     -3.742538061150      0.051793046519      2.395757303672
    8     -5.666549737270      3.245424606661      2.381711224805
    8     -1.839966634016     -3.235097505293      2.527263933786
    8      1.863106527365     -1.094798108418      0.834436344855
    8      0.012087420464      2.184368548340      0.798547526962
    8      3.756599249844     -4.406310523846      0.838829594453
    8      5.685147312927     -1.090050194248      0.848997086388
    8      3.764208749333      2.158194542975      0.844382486059
    8      7.499754363560     -4.312642966570      0.892643981397
    8     -1.888719232894     -1.096534348054      0.861052211442
    8     -3.776659329802      2.185010458705      0.812777362464
    8      0.058887483755     -4.322617134552      0.930117459140
  258     -0.002542913943     -0.004376820145      0.003313693012
  258     -1.894169575886      3.261987929263      0.003296992129
  258      1.886430627141     -3.271706373085      0.055245248538
  258      3.766782565324     -0.002508613133      0.018318514898
  258      1.883075363820      3.294243809352      0.042036801027
  258      5.657734912710     -3.277171080117      0.051942973479
  258     -3.759791015186      0.008287445767      0.014228497849
  258     -5.643597543164      3.285483038551      0.054356975819
  258     -1.882860347709     -3.262401082007      0.097440062219
    8     -1.883293962217      1.083000115586     -0.795006615158
    8     -3.783649296810      4.380834908931     -0.783612976296
    8     -0.002451720335     -2.193576935906     -0.772059679406
    8      1.893166293223      1.088345413754     -0.785435070936
    8      0.003675707500      4.377986765260     -0.780036107220
    8      3.772051369564     -2.186144918642     -0.761134360160
    8     -5.659826778210      1.092938782533     -0.781294825069
    8     -7.530883940912      4.393148255670     -0.734294105262
    8     -3.762049899239     -2.179470892412     -0.775198444963
    8      0.000000000000      0.000000000000     -2.343480358560
    8     -1.886266078242      3.273272021236     -2.343480358560
    8      1.886266078246     -3.273272021231     -2.343480358560
    8      3.768452267457     -0.002308193034     -2.343480358560
    8      1.882186189208      3.270963828201     -2.343480358560
    8      5.654718345713     -3.275580214262     -2.343480358560
    8     -3.768452267457      0.002308193024     -2.343480358560
    8     -5.654718345713      3.275580214262     -2.343480358560
    8     -1.882186189215     -3.270963828197     -2.343480358560
  258     -1.884906115233      1.091860071419     -3.124640478080
  258     -3.771172193469      4.365132092660     -3.124640478080
  258      0.001359963014     -2.181411949809     -3.124640478080
  258      1.883546152219      1.089551878391     -3.124640478080
  258     -0.002719926022      4.362823899623     -3.124640478080
  258      3.769812230468     -2.183720142843     -3.124640478080
  258     -5.653358382728      1.094168264440     -3.124640478080
  258     -7.539624460930      4.367440285696     -3.124640478080
  258     -3.767092304447     -2.179103756778     -3.124640478080
    8      1.884906115233     -1.091860071419     -3.905800597599
    8     -0.001359963014      2.181411949809     -3.905800597599
    8      3.771172193469     -4.365132092660     -3.905800597599
    8      5.653358382728     -1.094168264440     -3.905800597599
    8      3.767092304451      2.179103756779     -3.905800597599
    8      7.539624460930     -4.367440285696     -3.905800597599
    8     -1.883546152219     -1.089551878391     -3.905800597599
    8     -3.769812230470      2.183720142843     -3.905800597599
    8      0.002719926021     -4.362823899623     -3.905800597599
    1      5.752836298936      7.416707523868      5.522392116298
    8      2.249445383622      1.502876313219      6.694711210267
    1      1.992489013004      1.367509582854      5.743739332552
    1      1.907259209785      0.692990742176      7.134057904860
    8      3.795842410453     -1.575998991883      4.845705251671
    1      4.026540437704     -0.851520557101      5.552796533839
    1      3.625351524185     -2.441204832092      5.350675383752
    8     -6.669359015908      0.338669634006      6.355305775980
    1     -6.248282327812      0.759771940187      5.552138284899
    1      3.820094819132      0.872882679071      6.581030162529
    1      2.235771516061     -4.094923191025      5.758380732426
    8      3.276193516208     -3.929289915383      5.662759336046
    1      3.816595734443     -4.516970412559      6.254746170199
    1     -1.671600164017     17.394234266438      6.321510985543
    8     -2.167569990921     18.159717520537      5.961258494463
    1     -3.051883198223     17.815042812387      5.692258561287
    8     -1.395678680022      1.455513721182      6.612690076599
    1     -1.500536651326      1.210724045290      5.638313904292
    1     -1.358475965094      0.601010490321      7.073390802826
    1     -0.302088209803      4.157740989427      5.678798518395
    8     -0.441819821791      4.235230616429      6.672475666190
    1     -0.640346072933      3.320205165323      6.962371548172
    8      1.769173696360     11.971381635744      5.864387178405
    1      2.596760478170     11.739682361993      6.358942488587
    1      1.019163941044     11.556301360235      6.316455448543
    8     -9.454469684657     18.448050358646      7.404454638322
    1    -10.029518100338     17.683679026617      7.136559459052
    1     -8.766535214674     18.091582881189      7.984556783114
    8      0.148304427161     16.635768993436      6.342910214834
    1     -2.772804128466     14.475541669300      5.957967707018
    8     -3.542741136382     15.077146129562      5.968679438619
    1     -4.267974159701     14.656613215864      6.487002114588
    8      0.742017905510     15.455126381097      5.632781183534
    0    0
