   2   1   1 E -1.7735438122099E+04 DE-2.9E-06(  3)
  0.113054788157E+02 -0.730419836792E-02  0.000000000000E+00
 -0.565918842458E+01  0.982085538758E+01  0.000000000000E+00
  0.000000000000E+00  0.000000000000E+00  0.500000000000E+03
    1
  0.100000000000E+01  0.000000000000E+00  0.000000000000E+00
  0.000000000000E+00  0.100000000000E+01  0.000000000000E+00
  0.000000000000E+00  0.000000000000E+00  0.100000000000E+01
  0.000000000000E+00  0.000000000000E+00  0.000000000000E+00
  113
    8     -1.802088622740      1.083466912056      4.059827796440
    8     -3.737580182023      4.264270226325      3.825809819638
    8      0.047461078049     -2.002002882561      4.044409207044
    8      1.855551556908      1.105008740172      4.064991380488
    8     -0.112947456554      4.227234607766      4.082671905229
    8     -5.700624570435      1.081427300490      4.026789838406
    8     -7.440900043619      4.252174016329      4.089788972521
    8     -3.865740950180     -2.018402928408      4.054359564916
  258      1.827306352137     -1.001751685853      3.184776057215
  258      0.011872254478      2.172280657663      3.144813189737
  258      3.754168261569     -4.530666458821      3.180151588591
  258      5.724594149288     -1.039551044461      3.154549639646
  258      3.767436619455      2.218704704671      3.173597462727
  258      7.522456204724     -4.350875566366      3.368414173404
  258     -1.872612541448     -1.071357927116      3.264769599697
  258     -3.779757648994      2.159212622478      3.262541091912
  258      0.015520078651     -4.386768615667      3.358573958639
    8      0.008062079110      0.028151055788      2.348094034882
    8     -1.865202070577      3.199564964504      2.343651726485
    8      2.050994203542     -3.159942039401      2.572699517485
    8      3.744338672373     -0.071376931049      2.405248219662
    8      1.883812561988      3.256872437200      2.387961082027
    8      5.456867503044     -3.208404135777      2.552959134899
    8     -3.742603641068      0.051987110361      2.393469897906
    8     -5.668193500682      3.245163553388      2.385759596086
    8     -1.841214779007     -3.236774428238      2.528230480197
    8      1.862234049720     -1.093723353376      0.834766707596
    8      0.011990249627      2.183531716866      0.797697567972
    8      3.754608938843     -4.408123620218      0.838400554026
    8      5.685532828674     -1.090560617303      0.847128633221
    8      3.764368970786      2.158478497510      0.845592382035
    8      7.500798519162     -4.312986506357      0.893104381586
    8     -1.887821943176     -1.097438566747      0.859374156638
    8     -3.776538629474      2.187567632240      0.816729123250
    8      0.058458099433     -4.324500280265      0.931613866453
  258     -0.001055548490     -0.005055726559      0.002299053639
  258     -1.893108754881      3.262203615820      0.003309297524
  258      1.886028380678     -3.272549079482      0.056215369230
  258      3.766237457022     -0.002416725884      0.019450501239
  258      1.883713901050      3.293665207148      0.043403024197
  258      5.657630871244     -3.277781452810      0.050609807006
  258     -3.759243704349      0.008863591872      0.014808477616
  258     -5.643757299617      3.286628030946      0.052844079800
  258     -1.882662895235     -3.263490952610      0.097447620468
    8     -1.884874976681      1.084036502798     -0.794691062094
    8     -3.784427231070      4.380176737693     -0.784781146047
    8     -0.001532118881     -2.194667454340     -0.771764141844
    8      1.893723801528      1.088557519986     -0.786308476025
    8      0.004467990894      4.378629557246     -0.779756706349
    8      3.771401220603     -2.186193586792     -0.759662675581
    8     -5.658941155827      1.094327486096     -0.779962018403
    8     -7.530875318820      4.393767000088     -0.734497033775
    8     -3.762078940465     -2.180424607602     -0.775459362628
    8      0.000000000000      0.000000000000     -2.343480358560
    8     -1.886396141527      3.273618462538     -2.343480358560
    8      1.886396141531     -3.273618462533     -2.343480358560
    8      3.768492938530     -0.002434732792     -2.343480358560
    8      1.882096796997      3.271183729745     -2.343480358560
    8      5.654889080072     -3.276053195324     -2.343480358560
    8     -3.768492938530      0.002434732783     -2.343480358560
    8     -5.654889080072      3.276053195324     -2.343480358560
    8     -1.882096797004     -3.271183729741     -2.343480358560
  258     -1.884963026686      1.092017731773     -3.124640478080
  258     -3.771359168207      4.365636194316     -3.124640478080
  258      0.001433114847     -2.181600730758     -3.124640478080
  258      1.883529911839      1.089582998987     -3.124640478080
  258     -0.002866229686      4.363201461521     -3.124640478080
  258      3.769926053374     -2.184035463551     -3.124640478080
  258     -5.653455965255      1.094452464553     -3.124640478080
  258     -7.539852106742      4.368070927111     -3.124640478080
  258     -3.767059823689     -2.179165997969     -3.124640478080
    8      1.884963026686     -1.092017731773     -3.905800597599
    8     -0.001433114847      2.181600730758     -3.905800597599
    8      3.771359168207     -4.365636194316     -3.905800597599
    8      5.653455965255     -1.094452464553     -3.905800597599
    8      3.767059823692      2.179165997970     -3.905800597599
    8      7.539852106742     -4.368070927111     -3.905800597599
    8     -1.883529911839     -1.089582998987     -3.905800597599
    8     -3.769926053376      2.184035463551     -3.905800597599
    8      0.002866229685     -4.363201461521     -3.905800597599
    1      5.729700778620      7.396732674970      5.529833958414
    8      2.245061317284      1.468933084391      6.703299536979
    1      1.986450653387      1.351116593690      5.750682024005
    1      1.899998102631      0.653212902458      7.129916240250
    8      3.796747603922     -1.588308837123      4.838261093819
    1      4.032420014532     -0.856702594893      5.539479511882
    1      3.626874853895     -2.450326715127      5.347342518333
    8     -6.677198405267      0.319008001079      6.350712561259
    1     -6.257969590429      0.749247198527      5.551228596374
    1      3.810084574048      0.849608136182      6.582655335096
    1      2.251038597237     -4.109166350160      5.766726737796
    8      3.282924968704     -3.938733152944      5.670077774141
    1      3.834006432462     -4.534260145066      6.247031029456
    1     -1.721894485842     17.375093569523      6.311922970767
    8     -2.183738787318     18.165979956292      5.965955960430
    1     -3.071792556567     17.849366295593      5.673142633840
    8     -1.393879898441      1.469675013786      6.607619440953
    1     -1.499872589106      1.209941967063      5.637290509665
    1     -1.346163141814      0.624069443982      7.083038924413
    1     -0.290838240091      4.162403605668      5.679315335096
    8     -0.436459846094      4.242003793186      6.672192839789
    1     -0.638459499187      3.326559070943      6.960350249058
    8      1.762769915042     11.983074182054      5.864540581404
    1      2.596660763925     11.756569938626      6.351140290395
    1      1.030104252381     11.515667273892      6.296299066048
    8     -9.479513883273     18.414282912542      7.380381235836
    1    -10.069252483999     17.653871356830      7.132780490189
    1     -8.743479671652     18.041227807220      7.888034778894
    8      0.108984606571     16.601145252360      6.337536777169
    1     -2.772949783479     14.481388962992      5.944462723487
    8     -3.536762189425     15.091179153195      5.965399603830
    1     -4.261439780221     14.674023015116      6.486129728110
    8      0.735793167391     15.441903722586      5.623851331887
    0    0
