   2   1   1 E -1.7735438234932E+04 DE-1.1E-06(  5)
  0.113043020937E+02 -0.678655093064E-02  0.000000000000E+00
 -0.565815009874E+01  0.982029463576E+01  0.000000000000E+00
  0.000000000000E+00  0.000000000000E+00  0.500000000000E+03
    1
  0.100000000000E+01  0.000000000000E+00  0.000000000000E+00
  0.000000000000E+00  0.100000000000E+01  0.000000000000E+00
  0.000000000000E+00  0.000000000000E+00  0.100000000000E+01
  0.000000000000E+00  0.000000000000E+00  0.000000000000E+00
  113
    8     -1.800718774255      1.086226537849      4.061042282260
    8     -3.739131842044      4.265695713287      3.827955108109
    8      0.051814688758     -2.000057167021      4.047697793628
    8      1.854058785464      1.106327186065      4.065249568218
    8     -0.113130465294      4.229431055565      4.081718672641
    8     -5.698051205351      1.085692592800      4.026172733760
    8     -7.437938097360      4.255755374469      4.086354481001
    8     -3.862384405138     -2.015517973521      4.056976652373
  258      1.828001464274     -0.998658471050      3.184964007743
  258      0.012968425275      2.173975941071      3.145463171898
  258      3.754480291124     -4.528298075047      3.181581590165
  258      5.725880876273     -1.036337872149      3.158129347691
  258      3.768562255085      2.221663339528      3.171247505770
  258      7.522720500020     -4.349788825488      3.370504084451
  258     -1.873373393131     -1.069887342610      3.266839692424
  258     -3.778860241657      2.161529733724      3.265804552550
  258      0.017492044684     -4.381851014270      3.353457000358
    8      0.007755587472      0.028891013197      2.348162138989
    8     -1.864243779878      3.200292003356      2.342953472099
    8      2.049634465696     -3.160119666320      2.573477609670
    8      3.743826357765     -0.069513987418      2.407849780134
    8      1.884185102707      3.258613110123      2.389035381765
    8      5.457109653856     -3.204007025020      2.556640274319
    8     -3.741960768616      0.054008964665      2.395543375036
    8     -5.665694109935      3.247927805713      2.383443138769
    8     -1.837372350291     -3.233284710178      2.527103418811
    8      1.862303333078     -1.094471531690      0.836085312838
    8      0.013960285399      2.184483775716      0.797743328528
    8      3.755096905034     -4.406212343537      0.840278962609
    8      5.683511372552     -1.087989274879      0.849195531367
    8      3.765381829454      2.158524047688      0.844139505645
    8      7.499904965226     -4.312052211212      0.892935539176
    8     -1.888717192627     -1.096156792813      0.861472161158
    8     -3.776139726759      2.187874497483      0.814847880543
    8      0.059787111603     -4.321746057874      0.929880024603
  258     -0.001758767559     -0.004216759003      0.004306695326
  258     -1.893326289026      3.263090603426      0.003914365544
  258      1.886637753627     -3.271032009478      0.056274213841
  258      3.766754591693     -0.001238756764      0.019114295790
  258      1.883541418159      3.294745192874      0.041686127820
  258      5.657138863279     -3.276916785160      0.052160405978
  258     -3.759579481798      0.008943141382      0.013973879567
  258     -5.642305730448      3.286150630702      0.055124150914
  258     -1.882801352655     -3.261331158533      0.096677934565
    8     -1.883826789739      1.083228370200     -0.793330963544
    8     -3.783301372327      4.381528739171     -0.784162159361
    8     -0.002734766613     -2.192529380863     -0.771875467015
    8      1.893807969556      1.088928533319     -0.785184180018
    8      0.003164070258      4.379205181965     -0.779539460124
    8      3.771148748919     -2.185750652506     -0.761112101139
    8     -5.658460951515      1.093693833912     -0.781566570021
    8     -7.530344265979      4.394235892715     -0.734022839266
    8     -3.761769631637     -2.178121468598     -0.775177619842
    8      0.000000000000      0.000000000000     -2.343480358560
    8     -1.886050032913      3.273431545265     -2.343480358560
    8      1.886050032917     -3.273431545260     -2.343480358560
    8      3.768100697838     -0.002262183647     -2.343480358560
    8      1.882050664918      3.271169361617     -2.343480358560
    8      5.654150730765     -3.275693728905     -2.343480358560
    8     -3.768100697838      0.002262183637     -2.343480358560
    8     -5.654150730765      3.275693728905     -2.343480358560
    8     -1.882050664925     -3.271169361613     -2.343480358560
  258     -1.884716910250      1.091897909633     -3.124640478080
  258     -3.770766943158      4.365329454903     -3.124640478080
  258      0.001333122668     -2.181533635625     -3.124640478080
  258      1.883383787582      1.089635725993     -3.124640478080
  258     -0.002666245329      4.363067271254     -3.124640478080
  258      3.769433820503     -2.183795819272     -3.124640478080
  258     -5.652817608127      1.094160093267     -3.124640478080
  258     -7.538867641000      4.367591638552     -3.124640478080
  258     -3.766767575174     -2.179271451981     -3.124640478080
    8      1.884716910250     -1.091897909633     -3.905800597599
    8     -0.001333122668      2.181533635625     -3.905800597599
    8      3.770766943158     -4.365329454903     -3.905800597599
    8      5.652817608127     -1.094160093267     -3.905800597599
    8      3.766767575178      2.179271451982     -3.905800597599
    8      7.538867641000     -4.367591638552     -3.905800597599
    8     -1.883383787582     -1.089635725993     -3.905800597599
    8     -3.769433820505      2.183795819272     -3.905800597599
    8      0.002666245328     -4.363067271254     -3.905800597599
    1      5.740121625729      7.406767608682      5.529428495478
    8      2.244042313158      1.502397044652      6.696428641164
    1      1.987442166539      1.371213511249      5.744471632820
    1      1.892316947930      0.695320290742      7.133962148507
    8      3.798374378934     -1.581519002191      4.842683114333
    1      4.026613547155     -0.853737614703      5.548896265296
    1      3.627597815343     -2.444756060029      5.350129532189
    8     -6.682851298295      0.334161559438      6.351044683989
    1     -6.258100063117      0.758439984737      5.551805811912
    1      3.805578255319      0.868645079802      6.578978524580
    1      2.233494727045     -4.102612501169      5.759644629822
    8      3.272402544377     -3.931090502779      5.667283866627
    1      3.817245496534     -4.525574412654      6.249628267866
    1     -1.692477731445     17.380772641850      6.321122878866
    8     -2.172619893329     18.159656633030      5.969883501240
    1     -3.060470497772     17.832367477596      5.691426973865
    8     -1.394978776783      1.449346799694      6.614152157861
    1     -1.498410652866      1.206585820149      5.639160090239
    1     -1.360905281793      0.593108430346      7.074489547128
    1     -0.298880129628      4.156475883959      5.678576298060
    8     -0.446103618492      4.234586731740      6.671303913019
    1     -0.645778138358      3.319888045703      6.962236587002
    8      1.768695084662     11.979610266129      5.864820885828
    1      2.597008317865     11.740787351003      6.355006969955
    1      1.020443767437     11.549622623447      6.307836604325
    8     -9.468174682130     18.443877879581      7.391505125805
    1    -10.042367210447     17.676271574589      7.135045559802
    1     -8.749328534072     18.087350182493      7.932317513659
    8      0.130443040131     16.618895521337      6.343300781367
    1     -2.767749581822     14.486032863971      5.954308016505
    8     -3.540349758064     15.084055665872      5.965182074693
    1     -4.261335333965     14.665272231171      6.490359784588
    8      0.734812431597     15.447251421105      5.629747103385
    0    0
