   2   1   1 E -1.7735438190586E+04 DE-1.1E-06(  5)
  0.113047320206E+02 -0.694341667197E-02  0.000000000000E+00
 -0.565850153894E+01  0.982032577850E+01  0.000000000000E+00
  0.000000000000E+00  0.000000000000E+00  0.500000000000E+03
    1
  0.100000000000E+01  0.000000000000E+00  0.000000000000E+00
  0.000000000000E+00  0.100000000000E+01  0.000000000000E+00
  0.000000000000E+00  0.000000000000E+00  0.100000000000E+01
  0.000000000000E+00  0.000000000000E+00  0.000000000000E+00
  113
    8     -1.800339197547      1.085971305674      4.060128133235
    8     -3.737869815892      4.265987925573      3.826297683617
    8      0.050652206747     -1.998889338528      4.047172715490
    8      1.855328488672      1.106905976356      4.064929197740
    8     -0.112204473654      4.229504320590      4.083008473224
    8     -5.698317408350      1.085276498411      4.026396513943
    8     -7.439825628383      4.255679326899      4.088438338123
    8     -3.863113803676     -2.014667316430      4.055874009463
  258      1.828385583234     -0.999267351267      3.185395487932
  258      0.012923074494      2.173718813453      3.145405746631
  258      3.754625028675     -4.528252640922      3.181282538613
  258      5.725575507184     -1.036592349243      3.156352217611
  258      3.768215600145      2.221801266619      3.172871443504
  258      7.522640290124     -4.349184696974      3.369225628879
  258     -1.872402054192     -1.069784482525      3.265865342507
  258     -3.778982652661      2.161537288787      3.263810675642
  258      0.016336497453     -4.382773215457      3.355712550889
    8      0.007838531383      0.029054450673      2.348354348748
    8     -1.863721086818      3.200511525735      2.343436020552
    8      2.051301914720     -3.159282590101      2.573073557058
    8      3.743893493482     -0.069592203855      2.407010487007
    8      1.884272698795      3.258741151992      2.388920059417
    8      5.457226610592     -3.204710584068      2.554786524956
    8     -3.741919103848      0.053460033938      2.394459345912
    8     -5.666759019928      3.247292128575      2.384374543204
    8     -1.839233513055     -3.234049588870      2.527713308185
    8      1.862258016062     -1.093492631419      0.835711629170
    8      0.013249466306      2.184219897505      0.797279692035
    8      3.754337563844     -4.407021905743      0.839331809941
    8      5.683937614610     -1.088555703853      0.848317689269
    8      3.765754060495      2.158874702575      0.844711412556
    8      7.499994388038     -4.311862090534      0.893016314255
    8     -1.888192319016     -1.096365257458      0.860311190287
    8     -3.776030254627      2.188108882904      0.816124042485
    8      0.059235958639     -4.322055108672      0.930632291321
  258     -0.001171388456     -0.004480694060      0.003556644294
  258     -1.892924014170      3.262844150266      0.003712322413
  258      1.886329263270     -3.271333726194      0.056403578107
  258      3.766653746470     -0.001042261844      0.019349105933
  258      1.883670496033      3.294438551592      0.042458329961
  258      5.657019432766     -3.277144400345      0.051439516914
  258     -3.759407328311      0.009171141515      0.014509927724
  258     -5.642708389333      3.286600811244      0.054193544158
  258     -1.882644504983     -3.261599118056      0.097060746851
    8     -1.884726655373      1.083649135476     -0.793545424599
    8     -3.783671379376      4.380839486948     -0.784842951495
    8     -0.002000501391     -2.192586186425     -0.771228989331
    8      1.893904595788      1.089080144915     -0.785828447990
    8      0.003582640020      4.379082823701     -0.779564198799
    8      3.771144360838     -2.185561097575     -0.760417141912
    8     -5.658533243342      1.094133799226     -0.780422229821
    8     -7.530943801730      4.394518545240     -0.734384749271
    8     -3.762105845559     -2.178689512226     -0.775505662187
    8      0.000000000000      0.000000000000     -2.343480358560
    8     -1.886167179647      3.273441926176     -2.343480358560
    8      1.886167179651     -3.273441926171     -2.343480358560
    8      3.768244006825     -0.002314472227     -2.343480358560
    8      1.882076827172      3.271127453948     -2.343480358560
    8      5.654411186487     -3.275756398396     -2.343480358560
    8     -3.768244006825      0.002314472217     -2.343480358560
    8     -5.654411186487      3.275756398396     -2.343480358560
    8     -1.882076827179     -3.271127453944     -2.343480358560
  258     -1.884803728824      1.091918799464     -3.124640478080
  258     -3.770970908465      4.365360725645     -3.124640478080
  258      0.001363450828     -2.181523126705     -3.124640478080
  258      1.883440277996      1.089604327243     -3.124640478080
  258     -0.002726901649      4.363046253415     -3.124640478080
  258      3.769607457650     -2.183837598933     -3.124640478080
  258     -5.653047735688      1.094233271678     -3.124640478080
  258     -7.539214915295      4.367675197874     -3.124640478080
  258     -3.766880556002     -2.179208654481     -3.124640478080
    8      1.884803728824     -1.091918799464     -3.905800597599
    8     -0.001363450828      2.181523126705     -3.905800597599
    8      3.770970908465     -4.365360725645     -3.905800597599
    8      5.653047735688     -1.094233271678     -3.905800597599
    8      3.766880556006      2.179208654482     -3.905800597599
    8      7.539214915295     -4.367675197874     -3.905800597599
    8     -1.883440277996     -1.089604327243     -3.905800597599
    8     -3.769607457652      2.183837598933     -3.905800597599
    8      0.002726901648     -4.363046253415     -3.905800597599
    1      5.738030564940      7.404030366934      5.531299012989
    8      2.246033096222      1.492993722156      6.698500375875
    1      1.988194561331      1.366883435979      5.746301912800
    1      1.895116138717      0.683466126394      7.132157742296
    8      3.797060277048     -1.581866645067      4.841958333952
    1      4.029987550138     -0.852886861751      5.545993482181
    1      3.626826351342     -2.444998501558      5.349250828247
    8     -6.678953738985      0.328813687004      6.352935436804
    1     -6.257353812063      0.755369749677      5.553064675793
    1      3.809668288788      0.863597839547      6.582221378676
    1      2.240913297036     -4.104581424232      5.761531704073
    8      3.276693881887     -3.932381319927      5.669483679456
    1      3.824093844739     -4.528515917939      6.248099833376
    1     -1.701833038222     17.377177920126      6.312128041056
    8     -2.173652538591     18.163423609743      5.966538787062
    1     -3.063117523260     17.843428529729      5.683913287660
    8     -1.392012802769      1.458953906265      6.610972497597
    1     -1.496817765586      1.209011328261      5.637866601052
    1     -1.352161573239      0.607428245948      7.077654346479
    1     -0.296658809335      4.157565787561      5.679110017919
    8     -0.443098948126      4.237006987877      6.671832472452
    1     -0.643951424483      3.322614662065      6.961794059405
    8      1.767833555784     11.982965993329      5.865424482441
    1      2.598677134300     11.747886648882      6.353020046007
    1      1.025312486509     11.538007260760      6.305428750867
    8     -9.470920667630     18.435129018030      7.385364058507
    1    -10.049696042596     17.668303656041      7.134483619238
    1     -8.741400042402     18.073100450294      7.909129689128
    8      0.124850839328     16.612635991173      6.342873534698
    1     -2.769596072188     14.483771834992      5.948637415878
    8     -3.538855505756     15.087124287498      5.965176536236
    1     -4.260705408044     14.668673299798      6.489078644094
    8      0.736393444652     15.445360250910      5.628478449589
    0    0
