   2   1   1 E -1.7735437221044E+04 DE-5.2E-07(  5)
  0.113063657918E+02 -0.664718296743E-02  0.000000000000E+00
 -0.565906331834E+01  0.981884492594E+01  0.000000000000E+00
  0.000000000000E+00  0.000000000000E+00  0.500000000000E+03
    1
  0.100000000000E+01  0.000000000000E+00  0.000000000000E+00
  0.000000000000E+00  0.100000000000E+01  0.000000000000E+00
  0.000000000000E+00  0.000000000000E+00  0.100000000000E+01
  0.000000000000E+00  0.000000000000E+00  0.000000000000E+00
  113
    8     -1.801287881433      1.085427567894      4.061672363732
    8     -3.728936559617      4.263430766663      3.841255129717
    8      0.047858953821     -2.008957665510      4.036273623465
    8      1.855108370666      1.104632403884      4.077357670894
    8     -0.109575397958      4.237199703832      4.083078994237
    8     -5.704938656308      1.082815085399      4.034061279323
    8     -7.441382876246      4.256880190522      4.083267763558
    8     -3.867682547104     -2.015330799562      4.052826475016
  258      1.827330511414     -1.000777994727      3.188801506881
  258      0.015486457970      2.175139013631      3.152709168695
  258      3.757821987625     -4.523868811347      3.175767193699
  258      5.724023501504     -1.033694890445      3.150302919024
  258      3.769082929856      2.220239763056      3.168525075393
  258      7.527543916317     -4.347971414719      3.364244527095
  258     -1.874049706767     -1.065663774576      3.259654206978
  258     -3.778943209847      2.164851273944      3.272486210072
  258      0.018357335882     -4.379941621991      3.366130350739
    8      0.010699819602      0.032625486889      2.353408383059
    8     -1.866054182160      3.200534202316      2.346002624778
    8      2.050432186505     -3.166323320084      2.574471016951
    8      3.739770344603     -0.066646322230      2.407017947635
    8      1.883557457818      3.254323239406      2.395989810917
    8      5.463867110079     -3.203695742914      2.545824246900
    8     -3.745246607318      0.057601675069      2.394267629345
    8     -5.659436938993      3.243724010886      2.385580693760
    8     -1.845522287704     -3.232058503674      2.518115833389
    8      1.861125523023     -1.096806576649      0.838412323613
    8      0.013785689754      2.186550384713      0.801301021748
    8      3.758662837189     -4.405270204503      0.838286832914
    8      5.680789616657     -1.085886298168      0.845792065089
    8      3.766964822738      2.160757760718      0.845149429258
    8      7.498934021709     -4.318893964786      0.887391330938
    8     -1.887324341199     -1.090846846542      0.864427861280
    8     -3.774150342525      2.186037851930      0.808089001636
    8      0.058496996280     -4.320798757986      0.928957052433
  258     -0.002561416602     -0.002423292875      0.006398361127
  258     -1.894138178453      3.261465916156      0.004005172776
  258      1.884020852412     -3.269999102151      0.056953235278
  258      3.765962294779     -0.000852093857      0.016831311349
  258      1.882221849406      3.294762774213      0.039721823711
  258      5.656827609825     -3.277110983255      0.049467557515
  258     -3.761228213117      0.010522829592      0.011172794947
  258     -5.643125150909      3.286901040153      0.059177623526
  258     -1.881346052462     -3.261403238062      0.098680732544
    8     -1.881558811693      1.082037593598     -0.795227675787
    8     -3.783783520125      4.382508943741     -0.782785346570
    8     -0.004196047670     -2.190554941872     -0.771539455464
    8      1.893108068903      1.088701235314     -0.784094577492
    8      0.001747812927      4.376459751715     -0.782578364346
    8      3.770955895295     -2.185395163241     -0.762556653618
    8     -5.661461576850      1.093818266339     -0.781513711384
    8     -7.531599760297      4.393035206439     -0.735567778149
    8     -3.761414361064     -2.176764311985     -0.773185986291
    8      0.000000000000      0.000000000000     -2.343480358560
    8     -1.886354439448      3.272948308656     -2.343480358560
    8      1.886354439452     -3.272948308651     -2.343480358560
    8      3.768788597228     -0.002215727659     -2.343480358560
    8      1.882434157775      3.270732580996     -2.343480358560
    8      5.655143036691     -3.275164036308     -2.343480358560
    8     -3.768788597228      0.002215727649     -2.343480358560
    8     -5.655143036691      3.275164036308     -2.343480358560
    8     -1.882434157782     -3.270732580992     -2.343480358560
  258     -1.885047678892      1.091721345434     -3.124640478080
  258     -3.771402118334      4.364669654095     -3.124640478080
  258      0.001306760561     -2.181226963215     -3.124640478080
  258      1.883740918331      1.089505617781     -3.124640478080
  258     -0.002613521115      4.362453926433     -3.124640478080
  258      3.770095357786     -2.183442690874     -3.124640478080
  258     -5.653836276159      1.093937073080     -3.124640478080
  258     -7.540190715567      4.366885381756     -3.124640478080
  258     -3.767481836673     -2.179011235559     -3.124640478080
    8      1.885047678892     -1.091721345434     -3.905800597599
    8     -0.001306760561      2.181226963215     -3.905800597599
    8      3.771402118334     -4.364669654095     -3.905800597599
    8      5.653836276159     -1.093937073080     -3.905800597599
    8      3.767481836677      2.179011235560     -3.905800597599
    8      7.540190715567     -4.366885381756     -3.905800597599
    8     -1.883740918331     -1.089505617781     -3.905800597599
    8     -3.770095357788      2.183442690874     -3.905800597599
    8      0.002613521114     -4.362453926433     -3.905800597599
    1      5.639423267301      7.378156752815      5.546083817961
    8      2.213682119316      1.333040567156      6.750517845653
    1      1.968694705938      1.265567533593      5.790442337491
    1      1.906928434066      0.478733447703      7.131050818046
    8      3.810518197837     -1.599062036702      4.822814571626
    1      4.046594335725     -0.856124439257      5.525216110379
    1      3.642085337630     -2.452266332161      5.344912416300
    8     -6.695111327772      0.291750560070      6.341779093813
    1     -6.288307518415      0.756427493819      5.555593991934
    1      3.778201133057      0.793674907839      6.591397951502
    1      2.279610656987     -4.106714944088      5.790455658114
    8      3.299533801255     -3.940040871097      5.690518002307
    1      3.860512032594     -4.536601863079      6.259300387503
    1     -1.801457162879     17.399995469028      6.359580306948
    8     -2.223511140275     18.189105175230      5.966805032054
    1     -3.098276256841     17.875292439060      5.627828433894
    8     -1.379199582425      1.557118780034      6.591479416075
    1     -1.498732168933      1.248449149586      5.636983089735
    1     -1.268945923613      0.745511699553      7.111905730308
    1     -0.260790785989      4.210953779080      5.670099871867
    8     -0.397190409573      4.294527060823      6.668226052013
    1     -0.602124810043      3.377433293791      6.957012134475
    8      1.745885125331     11.994324852436      5.872797239769
    1      2.587138308018     11.794333035924      6.355183567758
    1      1.039853393440     11.466681919212      6.279266580707
    8     -9.498020911670     18.274169692445      7.388627178636
    1    -10.129363095371     17.555064569117      7.125479511077
    1     -8.760822538543     17.848532740982      7.842440313527
    8      0.002338843337     16.549956824118      6.329254005184
    1     -2.744207996443     14.550412339369      5.947407093798
    8     -3.516878455967     15.147009249653      5.963689227601
    1     -4.239076824110     14.732648762883      6.492634980980
    8      0.729177915387     15.436188788071      5.620024993136
    0    0
