   2   1   1 E -1.7735435586690E+04 DE-1.3E-06(  5)
  0.113010523064E+02 -0.669962165990E-02  0.000000000000E+00
 -0.565644654867E+01  0.982473537392E+01  0.000000000000E+00
  0.000000000000E+00  0.000000000000E+00  0.500000000000E+03
    1
  0.100000000000E+01  0.000000000000E+00  0.000000000000E+00
  0.000000000000E+00  0.100000000000E+01  0.000000000000E+00
  0.000000000000E+00  0.000000000000E+00  0.100000000000E+01
  0.000000000000E+00  0.000000000000E+00  0.000000000000E+00
  113
    8     -1.795752350356      1.084308302228      4.055997494111
    8     -3.716871315360      4.258130691926      3.851086215585
    8      0.039500552652     -1.988841282019      4.060967413025
    8      1.847603802615      1.099772762476      4.079768284523
    8     -0.106119655742      4.239884937840      4.080117123882
    8     -5.713447691709      1.078194471803      4.038021110294
    8     -7.445412313289      4.251924430627      4.067826633783
    8     -3.869677765878     -2.019159306157      4.037005990284
  258      1.821305589596     -1.006859887834      3.193425805445
  258      0.012043636034      2.171208586457      3.147471564652
  258      3.755651503620     -4.530610787115      3.174541204853
  258      5.717970035309     -1.035798917759      3.144495604418
  258      3.764630167244      2.220504021960      3.173465125219
  258      7.523384301920     -4.356184492448      3.360214427880
  258     -1.874189794216     -1.069420355188      3.256730642939
  258     -3.780256116844      2.164357977344      3.275276746944
  258      0.019932126169     -4.390832421711      3.349359619518
    8      0.010457837698      0.026286948350      2.344561131026
    8     -1.861877438235      3.204881963693      2.343704772073
    8      2.030926368773     -3.176645520472      2.577543850149
    8      3.731604343069     -0.070406761725      2.408438650063
    8      1.876509733418      3.247289084457      2.387743655641
    8      5.455300819539     -3.207627412486      2.536148942428
    8     -3.745407236751      0.063663485464      2.394100541047
    8     -5.649267418103      3.244189299703      2.386909731234
    8     -1.838851687758     -3.234408191064      2.526638198439
    8      1.862825544181     -1.103775887253      0.835032616908
    8      0.010972785812      2.182888171956      0.793132852446
    8      3.748357668400     -4.406997766318      0.840556753049
    8      5.680076013638     -1.084364558139      0.847213282885
    8      3.766531056218      2.163601861635      0.849052398293
    8      7.500707149181     -4.320171188313      0.892980610597
    8     -1.891276126344     -1.097345776297      0.860635423037
    8     -3.770742624269      2.190137926576      0.808322875936
    8      0.049262142980     -4.331280225731      0.915909241141
  258     -0.000931575342     -0.006778310580      0.004086159888
  258     -1.892523508448      3.261985288748      0.005115888514
  258      1.884609112094     -3.274331039554      0.049331410722
  258      3.763166397909     -0.003048583684      0.017664160446
  258      1.882436139248      3.293654151273      0.039379735220
  258      5.654443343325     -3.278962954944      0.053485058489
  258     -3.756952480887      0.012816031965      0.013510231374
  258     -5.641684533100      3.287994753544      0.052905651379
  258     -1.883223655610     -3.266685016519      0.091808505351
    8     -1.883501211143      1.082592587036     -0.796865534709
    8     -3.780375412408      4.382412387911     -0.788514921106
    8     -0.003102880431     -2.192263857392     -0.774067988111
    8      1.894888544032      1.087258547184     -0.782631972698
    8      0.005114077331      4.384217398232     -0.778627132591
    8      3.771956908202     -2.186889689180     -0.762199779777
    8     -5.658110057842      1.094675771214     -0.781061319247
    8     -7.532353079003      4.392101226536     -0.740402542180
    8     -3.763414039431     -2.182844553037     -0.772648937482
    8      0.000000000000      0.000000000000     -2.343480358560
    8     -1.885482182889      3.274911791317     -2.343480358560
    8      1.885482182893     -3.274911791312     -2.343480358560
    8      3.767017435422     -0.002233207223     -2.343480358560
    8      1.881535252527      3.272678584093     -2.343480358560
    8      5.652499618326     -3.277144998533     -2.343480358560
    8     -3.767017435422      0.002233207213     -2.343480358560
    8     -5.652499618326      3.277144998533     -2.343480358560
    8     -1.881535252534     -3.272678584089     -2.343480358560
  258     -1.884166539437      1.092381666176     -3.124640478080
  258     -3.769648722320      4.367293457498     -3.124640478080
  258      0.001315643457     -2.182530125134     -3.124640478080
  258      1.882850895980      1.090148458959     -3.124640478080
  258     -0.002631286907      4.365060250272     -3.124640478080
  258      3.768333078876     -2.184763332357     -3.124640478080
  258     -5.651183974898      1.094614873386     -3.124640478080
  258     -7.536666157747      4.369526664723     -3.124640478080
  258     -3.765701791970     -2.180296917914     -3.124640478080
    8      1.884166539437     -1.092381666176     -3.905800597599
    8     -0.001315643457      2.182530125134     -3.905800597599
    8      3.769648722320     -4.367293457498     -3.905800597599
    8      5.651183974898     -1.094614873386     -3.905800597599
    8      3.765701791974      2.180296917915     -3.905800597599
    8      7.536666157747     -4.369526664723     -3.905800597599
    8     -1.882850895980     -1.090148458959     -3.905800597599
    8     -3.768333078878      2.184763332357     -3.905800597599
    8      0.002631286906     -4.365060250272     -3.905800597599
    1      5.493250390135      7.268880532281      5.491233691906
    8      2.162752405374      1.132443049849      6.764275165892
    1      1.929092009335      1.154510936977      5.800360038542
    1      1.828024413079      0.259563047878      7.077281529899
    8      3.793305455571     -1.635622648163      4.817993906310
    1      4.050418134607     -0.898669994041      5.524213831842
    1      3.623878504435     -2.489282209849      5.336374933092
    8     -6.705184371717      0.231062120098      6.344959471898
    1     -6.317203393454      0.725654873379      5.569043635877
    1      3.737541618601      0.688045113935      6.615349318985
    1      2.294671714412     -4.156221701405      5.810042319757
    8      3.297717694849     -3.971924224799      5.714086403019
    1      3.870235109200     -4.575985000958      6.267570008226
    1     -1.908448467394     17.504906810957      6.450407379757
    8     -2.302597496947     18.266580684453      5.978278633629
    1     -3.150386162258     17.913022611579      5.604405495064
    8     -1.349614469469      1.570709640260      6.577195189953
    1     -1.482187085428      1.250542093381      5.627403858630
    1     -1.184358584965      0.771262400996      7.101694437471
    1     -0.250620879372      4.192499173435      5.667375594188
    8     -0.398536421744      4.263024145673      6.662461020711
    1     -0.615938535272      3.341796072731      6.924176980167
    8      1.753003717810     11.944363632009      5.872957940647
    1      2.596265792489     11.757991718971      6.357524043307
    1      1.060985988609     11.389908391621      6.267015458981
    8     -9.701886791586     18.133816197815      7.344009581299
    1    -10.341694132530     17.433908478509      7.045809161628
    1     -8.966136461856     17.671815221859      7.769841258633
    8     -0.167656735926     16.423942263096      6.260675380752
    1     -2.713315270364     14.646058722860      6.000896853973
    8     -3.525776868774     15.184376232720      5.966416381839
    1     -4.226266271662     14.754313332857      6.506979881340
    8      0.688491520556     15.383450970638      5.588409525590
    0    0
