   2   1   1 E -1.7735438056310E+04 DE-5.0E-06(  3)
  0.113051524447E+02 -0.681553500474E-02  0.000000000000E+00
 -0.565860103733E+01  0.982013105385E+01  0.000000000000E+00
  0.000000000000E+00  0.000000000000E+00  0.500000000000E+03
    1
  0.100000000000E+01  0.000000000000E+00  0.000000000000E+00
  0.000000000000E+00  0.100000000000E+01  0.000000000000E+00
  0.000000000000E+00  0.000000000000E+00  0.100000000000E+01
  0.000000000000E+00  0.000000000000E+00  0.000000000000E+00
  113
    8     -1.800558402579      1.084779753567      4.060188143096
    8     -3.742361498078      4.264925528195      3.829796610826
    8      0.051332413377     -2.002479224472      4.041087563660
    8      1.854982302929      1.103597331264      4.063296859151
    8     -0.116560777008      4.225788002948      4.081050312186
    8     -5.701807738600      1.085751594838      4.022367277500
    8     -7.435438568368      4.254142777389      4.086796511298
    8     -3.864384019354     -2.019105044452      4.055760434136
  258      1.829916811643     -0.999293479099      3.181556473425
  258      0.011684160204      2.170949486236      3.144442518702
  258      3.754035508953     -4.530632262644      3.180546623121
  258      5.725263113175     -1.038766511967      3.158770317477
  258      3.769002909040      2.220383532610      3.170334064625
  258      7.522078317960     -4.352262238551      3.371445407260
  258     -1.875265843534     -1.071111613307      3.267232542627
  258     -3.780775153980      2.161137166680      3.265298525866
  258      0.017139194529     -4.382599937166      3.355161575086
    8      0.007936502445      0.028420104745      2.347145496235
    8     -1.868256012907      3.199183404855      2.342966187158
    8      2.051178407940     -3.161091846865      2.573113475488
    8      3.745044930582     -0.071051466894      2.404005003312
    8      1.884893970476      3.256682537609      2.389349558745
    8      5.453950555677     -3.204301187708      2.556442932102
    8     -3.743142496609      0.052381632415      2.396192413197
    8     -5.665993940137      3.246590937097      2.381113729817
    8     -1.839902746304     -3.234712617940      2.526919101783
    8      1.862407549111     -1.094759036118      0.834462838273
    8      0.012274366290      2.184726757768      0.798529389074
    8      3.756086326320     -4.407331005176      0.838240707449
    8      5.685240689823     -1.090459709421      0.847999159422
    8      3.764444878150      2.158329664003      0.844020651170
    8      7.498620189898     -4.312297057965      0.893013557795
    8     -1.888639943979     -1.096783679372      0.860001614511
    8     -3.776761141472      2.185655640096      0.813916350404
    8      0.059301991406     -4.322301350034      0.930921892500
  258     -0.001844576657     -0.004586043662      0.002719280276
  258     -1.893509513254      3.262104679257      0.003265721303
  258      1.886153034911     -3.272071938361      0.055476852981
  258      3.766691836616     -0.001871908877      0.017864909875
  258      1.883181776924      3.295435660577      0.044441258299
  258      5.657437559896     -3.276797284849      0.051123548688
  258     -3.760026830581      0.008434070924      0.014955150025
  258     -5.642943285503      3.285697369306      0.053252314550
  258     -1.882673850248     -3.262212118972      0.098013787533
    8     -1.883607828364      1.083072029619     -0.794630255005
    8     -3.784208896628      4.380765375594     -0.784196918440
    8     -0.002787858577     -2.194002468688     -0.771733956310
    8      1.893152124205      1.089583591655     -0.785845833929
    8      0.003919464502      4.378538888860     -0.780410129706
    8      3.771552105125     -2.186407072325     -0.760699430260
    8     -5.659794993593      1.092955378857     -0.781208687832
    8     -7.531026509348      4.393921266838     -0.734213807108
    8     -3.762250706846     -2.179527804344     -0.775644691389
    8      0.000000000000      0.000000000000     -2.343480358560
    8     -1.886200345777      3.273377017960     -2.343480358560
    8      1.886200345781     -3.273377017955     -2.343480358560
    8      3.768384148179     -0.002271845005     -2.343480358560
    8      1.882183802397      3.271105172954     -2.343480358560
    8      5.654584493970     -3.275648862958     -2.343480358560
    8     -3.768384148179      0.002271844995     -2.343480358560
    8     -5.654584493970      3.275648862958     -2.343480358560
    8     -1.882183802404     -3.271105172951     -2.343480358560
  258     -1.884861497985      1.091882954318     -3.124640478080
  258     -3.771061843756      4.365259972283     -3.124640478080
  258      0.001338847796     -2.181494063636     -3.124640478080
  258      1.883522650189      1.089611109319     -3.124640478080
  258     -0.002677695586      4.362988127275     -3.124640478080
  258      3.769722995973     -2.183765908640     -3.124640478080
  258     -5.653245646203      1.094154799310     -3.124640478080
  258     -7.539445991940      4.367531817290     -3.124640478080
  258     -3.767045300388     -2.179222218634     -3.124640478080
    8      1.884861497985     -1.091882954318     -3.905800597599
    8     -0.001338847796      2.181494063636     -3.905800597599
    8      3.771061843756     -4.365259972283     -3.905800597599
    8      5.653245646203     -1.094154799310     -3.905800597599
    8      3.767045300392      2.179222218635     -3.905800597599
    8      7.539445991940     -4.367531817290     -3.905800597599
    8     -1.883522650189     -1.089611109319     -3.905800597599
    8     -3.769722995975      2.183765908640     -3.905800597599
    8      0.002677695585     -4.362988127275     -3.905800597599
    1      5.755393151182      7.418110830967      5.521396561705
    8      2.251751421125      1.498861265803      6.695445379501
    1      1.993983973231      1.366685413363      5.744299922950
    1      1.909774801529      0.687128859570      7.132235041574
    8      3.795866700810     -1.575706383439      4.847246623963
    1      4.027535061588     -0.851707228839      5.553839239230
    1      3.625540669437     -2.440474866592      5.353022686078
    8     -6.665534165011      0.338873789769      6.356969348043
    1     -6.248704108432      0.758935831838      5.551485439762
    1      3.822867303546      0.871592132789      6.583997698691
    1      2.235795032065     -4.094539281153      5.758282381721
    8      3.276482033660     -3.930460059025      5.663992169312
    1      3.813899438307     -4.515661574428      6.259766612097
    1     -1.666375593481     17.398149751670      6.322947857633
    8     -2.167311682354     18.158946553821      5.959105981124
    1     -3.051024106464     17.809008361546      5.695336066756
    8     -1.394241300250      1.456297499779      6.611633394030
    1     -1.500338648896      1.208241669489      5.638135364529
    1     -1.351938613617      0.604044889268      7.076660148476
    1     -0.301176711859      4.157875873298      5.678196799219
    8     -0.434073348795      4.234170761527      6.672631189274
    1     -0.631969784819      3.318799099764      6.961906731408
    8      1.767383583913     11.972067821021      5.863973579144
    1      2.595570815815     11.739594399179      6.357004793981
    1      1.018463637959     11.551475068776      6.313943571671
    8     -9.454211457062     18.447473490610      7.406161277173
    1    -10.025824636486     17.682375508448      7.133871840319
    1     -8.783064220201     18.096669326244      8.008906181935
    8      0.149699692755     16.638095712600      6.342656504057
    1     -2.775139272973     14.476263532559      5.956322790328
    8     -3.542749328014     15.080735101391      5.968597274860
    1     -4.270256037822     14.658755128337      6.482842951543
    8      0.742428361153     15.455788243802      5.633569661477
    0    0
