   2   1   1 E -1.7735434511999E+04 DE-5.5E-06(  3)
  0.112991719245E+02 -0.712975249036E-02  0.000000000000E+00
 -0.565587787020E+01  0.982709828732E+01  0.000000000000E+00
  0.000000000000E+00  0.000000000000E+00  0.500000000000E+03
    1
  0.100000000000E+01  0.000000000000E+00  0.000000000000E+00
  0.000000000000E+00  0.100000000000E+01  0.000000000000E+00
  0.000000000000E+00  0.000000000000E+00  0.100000000000E+01
  0.000000000000E+00  0.000000000000E+00  0.000000000000E+00
  113
    8     -1.796628143592      1.087159703784      4.055692963636
    8     -3.713210935626      4.258894432707      3.852248512741
    8      0.039588621407     -1.966699761398      4.080494064208
    8      1.844793537237      1.105347417155      4.079710660997
    8     -0.105052901904      4.240697313779      4.079482455215
    8     -5.714079233767      1.078373929005      4.038875463494
    8     -7.446766783174      4.248577004899      4.063239341893
    8     -3.868340029698     -2.024121301587      4.033200553597
  258      1.818669246140     -1.003819182102      3.197249513729
  258      0.012011844271      2.171056535668      3.143465041167
  258      3.754890330993     -4.532380082949      3.172640657767
  258      5.718012251905     -1.036862085510      3.145201605899
  258      3.764194974598      2.218717530648      3.176112809131
  258      7.521724417888     -4.357749266514      3.360913112004
  258     -1.871502641383     -1.070370484312      3.258307232398
  258     -3.781543582714      2.164626641280      3.273246651822
  258      0.022293920239     -4.396282593296      3.342046278618
    8      0.012234207808      0.025990352424      2.338640846705
    8     -1.858253402019      3.207577591519      2.339615190582
    8      2.023992081806     -3.175764508070      2.578167289749
    8      3.733719025029     -0.070988375183      2.408545172152
    8      1.874221283693      3.245985048564      2.382217981505
    8      5.451580408349     -3.209738031741      2.536410362286
    8     -3.744382157435      0.067787789607      2.393800823078
    8     -5.645439323717      3.244122112978      2.388392721503
    8     -1.833306745525     -3.234391421786      2.532079854458
    8      1.864716551481     -1.104030299151      0.833044601958
    8      0.010517957794      2.180970009590      0.791829496981
    8      3.744962290214     -4.407248412608      0.842081329878
    8      5.684432086478     -1.082113262444      0.848263634760
    8      3.764725770268      2.164318921917      0.850287474909
    8      7.504914065317     -4.317375593020      0.898459885105
    8     -1.891191118884     -1.099616310874      0.858754690469
    8     -3.768854770995      2.194329312791      0.810281189034
    8      0.047289381012     -4.336062736072      0.910471859089
  258      0.000869384474     -0.007973295966      0.003232359540
  258     -1.891688750693      3.263352866047      0.005976336980
  258      1.886528176812     -3.276134334179      0.046820858249
  258      3.763574734878     -0.003679874213      0.019583740427
  258      1.884404060871      3.293698485849      0.041193519506
  258      5.656093640116     -3.277713159188      0.056491634537
  258     -3.753964750043      0.014594069592      0.015417684240
  258     -5.640512007954      3.288558368834      0.048392652312
  258     -1.883873808195     -3.269023093857      0.089200182826
    8     -1.882769186916      1.084064577967     -0.796729764144
    8     -3.778116589403      4.382193102065     -0.789365952354
    8     -0.001434298202     -2.194418249628     -0.775625945480
    8      1.896635464454      1.086551246959     -0.780999640061
    8      0.007645903731      4.387726877462     -0.775756253885
    8      3.773121281151     -2.186450249066     -0.761029123057
    8     -5.655916032252      1.095029208479     -0.780706040292
    8     -7.531285236123      4.390804938684     -0.741367710072
    8     -3.763234455221     -2.185138481593     -0.771485924582
    8      0.000000000000      0.000000000000     -2.343480358560
    8     -1.885292623399      3.275699429117     -2.343480358560
    8      1.885292623403     -3.275699429112     -2.343480358560
    8      3.766390641457     -0.002376584167     -2.343480358560
    8      1.881098018052      3.273322844949     -2.343480358560
    8      5.651683264871     -3.278076013277     -2.343480358560
    8     -3.766390641457      0.002376584157     -2.343480358560
    8     -5.651683264871      3.278076013277     -2.343480358560
    8     -1.881098018059     -3.273322844945     -2.343480358560
  258     -1.883894421619      1.092692004424     -3.124640478080
  258     -3.769187045012      4.368391433546     -3.124640478080
  258      0.001398201786     -2.183007424686     -3.124640478080
  258      1.882496219833      1.090315420263     -3.124640478080
  258     -0.002796403564      4.366014849376     -3.124640478080
  258      3.767788843240     -2.185384008853     -3.124640478080
  258     -5.650285063114      1.095068588578     -3.124640478080
  258     -7.535577686473      4.370768017714     -3.124640478080
  258     -3.764992439676     -2.180630840522     -3.124640478080
    8      1.883894421619     -1.092692004424     -3.905800597599
    8     -0.001398201786      2.183007424686     -3.905800597599
    8      3.769187045012     -4.368391433546     -3.905800597599
    8      5.650285063114     -1.095068588578     -3.905800597599
    8      3.764992439680      2.180630840523     -3.905800597599
    8      7.535577686473     -4.370768017714     -3.905800597599
    8     -1.882496219833     -1.090315420263     -3.905800597599
    8     -3.767788843241      2.185384008853     -3.905800597599
    8      0.002796403563     -4.366014849376     -3.905800597599
    1      5.450247098730      7.235917678295      5.461965707412
    8      2.143272184160      1.089795702989      6.765711454174
    1      1.913013638449      1.134028312975      5.800483089064
    1      1.795314964396      0.214318804825      7.064549842340
    8      3.792024837507     -1.636106211976      4.812007908846
    1      4.062660169278     -0.908438092900      5.521343609052
    1      3.626247763837     -2.488283072530      5.329074454792
    8     -6.708685870932      0.224960065960      6.345198121153
    1     -6.320805794371      0.721708519707      5.570430938184
    1      3.722728266577      0.667533195905      6.610962959959
    1      2.312377535415     -4.170975284337      5.813466256760
    8      3.309098326228     -3.973871951630      5.720640552708
    1      3.889334185222     -4.576987668058      6.271198612088
    1     -1.920462882736     17.552017764111      6.471632000342
    8     -2.323785752075     18.293485621994      5.983813478846
    1     -3.164235986872     17.925812367572      5.611778154586
    8     -1.350823941026      1.568567590399      6.575777902970
    1     -1.483360738583      1.248872968983      5.625363322901
    1     -1.170453862564      0.772743847853      7.098440787232
    1     -0.236685994909      4.199994585648      5.664410576484
    8     -0.387613153645      4.264250686388      6.661415380512
    1     -0.610505040855      3.340884968717      6.917166538804
    8      1.747038834331     11.919358434190      5.871451971129
    1      2.592320296430     11.742890732525      6.356620273673
    1      1.060360584732     11.353901863860      6.256933035579
    8     -9.762289252872     18.109324246826      7.334436797466
    1    -10.401110419478     17.410227423318      7.025903255285
    1     -9.020011237409     17.643886783787      7.746026398927
    8     -0.228139964869     16.381202238108      6.221206725319
    1     -2.692562242752     14.704125924206      6.014315531790
    8     -3.520956173574     15.220614836316      5.966100811994
    1     -4.216270741353     14.779921875709      6.506552228600
    8      0.680613958473     15.368810536983      5.575659072371
    0    0
