   2   1   1 E -1.7735438059574E+04 DE-1.0E-06(  5)
  0.113051126477E+02 -0.680777485421E-02  0.000000000000E+00
 -0.565857434710E+01  0.982018034031E+01  0.000000000000E+00
  0.000000000000E+00  0.000000000000E+00  0.500000000000E+03
    1
  0.100000000000E+01  0.000000000000E+00  0.000000000000E+00
  0.000000000000E+00  0.100000000000E+01  0.000000000000E+00
  0.000000000000E+00  0.000000000000E+00  0.100000000000E+01
  0.000000000000E+00  0.000000000000E+00  0.000000000000E+00
  113
    8     -1.800608088317      1.084709390673      4.060279441728
    8     -3.742383451668      4.264780499025      3.829586385658
    8      0.051450441082     -2.002611825758      4.041053938406
    8      1.854888680309      1.103828769560      4.063382353005
    8     -0.116498216576      4.225912503722      4.080948099770
    8     -5.701692197039      1.085755726158      4.022507632088
    8     -7.435358835210      4.254082175112      4.086891565104
    8     -3.864453078216     -2.019209445193      4.055617921348
  258      1.829691194475     -0.999236684544      3.181492061125
  258      0.011526184008      2.170917998674      3.144489943357
  258      3.753964732129     -4.530697474593      3.180528314109
  258      5.725184802501     -1.038780565988      3.158678667349
  258      3.768944243477      2.220272725730      3.170221593147
  258      7.522122396471     -4.352189197268      3.371386529718
  258     -1.875303193679     -1.071112274849      3.267298511144
  258     -3.780748196771      2.160949673942      3.265202456018
  258      0.017077893873     -4.382601970539      3.355044782617
    8      0.007894377390      0.028456203310      2.347118979032
    8     -1.868387232308      3.198944367232      2.342869291364
    8      2.051064569109     -3.161100901817      2.573039847737
    8      3.744994475457     -0.070930561060      2.404065293888
    8      1.884843211274      3.256543300134      2.389339622269
    8      5.453894643956     -3.204365079771      2.556421660000
    8     -3.743072526537      0.052411009280      2.395992839123
    8     -5.666250039481      3.246675521574      2.381085485532
    8     -1.839754413219     -3.234682427975      2.526908867575
    8      1.862327091821     -1.094660753459      0.834372886822
    8      0.012334507671      2.184799213237      0.798557297133
    8      3.756172367412     -4.407379789283      0.838293160975
    8      5.685220534099     -1.090329242861      0.848004581930
    8      3.764347180779      2.158239428040      0.844031020664
    8      7.498626484039     -4.312244539176      0.892967659757
    8     -1.888714475945     -1.096781075697      0.860096849600
    8     -3.776823723297      2.185726658398      0.813808641412
    8      0.059398440159     -4.322289516174      0.930803162989
  258     -0.001902425433     -0.004479904531      0.002681526373
  258     -1.893545869001      3.262111725805      0.003197952708
  258      1.886200299785     -3.272055667555      0.055413885269
  258      3.766638044013     -0.001884316144      0.017783169783
  258      1.883106966199      3.295444070578      0.044379318168
  258      5.657383938675     -3.276732565886      0.051003744320
  258     -3.759955318702      0.008432210231      0.014842533769
  258     -5.642979491416      3.285734840857      0.053253579507
  258     -1.882611313310     -3.262224426744      0.097826576078
    8     -1.883542576799      1.083158146267     -0.794577852147
    8     -3.784130875990      4.380805189716     -0.784185850072
    8     -0.002772037696     -2.194032101433     -0.771977455234
    8      1.893178200375      1.089398463246     -0.785797902135
    8      0.003889036542      4.378530645624     -0.780475431368
    8      3.771521473743     -2.186374587264     -0.760727348052
    8     -5.659708766257      1.092997048134     -0.781340269238
    8     -7.530887679901      4.393867694154     -0.734023683490
    8     -3.762196523456     -2.179572511582     -0.775585928969
    8      0.000000000000      0.000000000000     -2.343480358560
    8     -1.886191449034      3.273393446781     -2.343480358560
    8      1.886191449038     -3.273393446776     -2.343480358560
    8      3.768370882505     -0.002269258288     -2.343480358560
    8      1.882179433465      3.271124188492     -2.343480358560
    8      5.654562331554     -3.275662705062     -2.343480358560
    8     -3.768370882505      0.002269258278     -2.343480358560
    8     -5.654562331554      3.275662705062     -2.343480358560
    8     -1.882179433472     -3.271124188488     -2.343480358560
  258     -1.884854110513      1.091887568352     -3.124640478080
  258     -3.771045559541      4.365281015138     -3.124640478080
  258      0.001337338526     -2.181505878422     -3.124640478080
  258      1.883516771987      1.089618310070     -3.124640478080
  258     -0.002674677045      4.363011756847     -3.124640478080
  258      3.769708221028     -2.183775136709     -3.124640478080
  258     -5.653224993057      1.094156826627     -3.124640478080
  258     -7.539416442050      4.367550273428     -3.124640478080
  258     -3.767033543984     -2.179236620137     -3.124640478080
    8      1.884854110513     -1.091887568352     -3.905800597599
    8     -0.001337338526      2.181505878422     -3.905800597599
    8      3.771045559541     -4.365281015138     -3.905800597599
    8      5.653224993057     -1.094156826627     -3.905800597599
    8      3.767033543988      2.179236620138     -3.905800597599
    8      7.539416442050     -4.367550273428     -3.905800597599
    8     -1.883516771987     -1.089618310070     -3.905800597599
    8     -3.769708221030      2.183775136709     -3.905800597599
    8      0.002674677044     -4.363011756847     -3.905800597599
    1      5.755332279448      7.418041511542      5.521687345739
    8      2.251639631220      1.498623012868      6.695657532806
    1      1.993916450035      1.366940357607      5.744452577589
    1      1.909844378459      0.686624374991      7.132098549571
    8      3.795300895698     -1.575493279488      4.847521282192
    1      4.027595446020     -0.851563085401      5.553970000809
    1      3.625424067908     -2.440328867128      5.353110735946
    8     -6.665460885712      0.338949641237      6.356826427092
    1     -6.248702121414      0.759305928679      5.551351313964
    1      3.823005988510      0.871667997125      6.584065025692
    1      2.235541222248     -4.094605656415      5.758315274970
    8      3.276324399401     -3.930377239616      5.663849538817
    1      3.813629205910     -4.515308863347      6.259916677979
    1     -1.666259226347     17.397822846888      6.322894213474
    8     -2.167027696174     18.158775346492      5.959081427401
    1     -3.050501530145     17.808753511544      5.695342449389
    8     -1.394130540255      1.456377136705      6.611735712551
    1     -1.500347175206      1.207919244447      5.638367652221
    1     -1.351609493592      0.604366488909      7.076907399686
    1     -0.301009835199      4.158050764755      5.678122366963
    8     -0.433691672645      4.234100484966      6.672676404964
    1     -0.631438770594      3.318655117092      6.961788628416
    8      1.767254293925     11.972389866027      5.864000347709
    1      2.595627861818     11.740089288142      6.356811177665
    1      1.018959173536     11.550485519736      6.313337218658
    8     -9.454160748580     18.447747002421      7.406368981336
    1    -10.025803836580     17.682536813874      7.133848377089
    1     -8.784244130616     18.097241944048      8.010332485169
    8      0.149951003700     16.638248901210      6.342805181402
    1     -2.774900381687     14.476487470068      5.956194662362
    8     -3.542696605357     15.080806193359      5.968372640484
    1     -4.270201847182     14.659008144942      6.482954416963
    8      0.742363998129     15.455933550332      5.633611666003
    0    0
