   2   1   1 E -1.7735438040482E+04 DE-4.2E-07(  3)
  0.113053427532E+02 -0.691941908531E-02  0.000000000000E+00
 -0.565878672102E+01  0.981981518425E+01  0.000000000000E+00
  0.000000000000E+00  0.000000000000E+00  0.500000000000E+03
    1
  0.100000000000E+01  0.000000000000E+00  0.000000000000E+00
  0.000000000000E+00  0.100000000000E+01  0.000000000000E+00
  0.000000000000E+00  0.000000000000E+00  0.100000000000E+01
  0.000000000000E+00  0.000000000000E+00  0.000000000000E+00
  113
    8     -1.800262630616      1.084948319563      4.060121828781
    8     -3.741644473369      4.263439292461      3.829298325390
    8      0.050586215786     -2.002969961826      4.042200896628
    8      1.854399917932      1.103980934230      4.063767771837
    8     -0.116213645662      4.226114468532      4.081598349166
    8     -5.701092748038      1.084438898806      4.023831696090
    8     -7.435620575491      4.254129694748      4.087266520664
    8     -3.863481659897     -2.019313751776      4.056674850734
  258      1.829062457002     -0.999081638082      3.182117349258
  258      0.012180309894      2.172211621501      3.144206403636
  258      3.753481721218     -4.530449177765      3.180570314008
  258      5.725202192064     -1.038702810457      3.158672824470
  258      3.769047353960      2.220265266187      3.170221217884
  258      7.522620072189     -4.351677592428      3.373135282988
  258     -1.874548966235     -1.071478663819      3.267396091914
  258     -3.779800668838      2.159190985216      3.266042722812
  258      0.017469518636     -4.382765842049      3.354413580360
    8      0.008532861212      0.027805706869      2.347453000353
    8     -1.868430256098      3.198829113346      2.342734096599
    8      2.049135295283     -3.161957089076      2.573013222101
    8      3.744862327401     -0.070793984271      2.404776282656
    8      1.884226511555      3.256321639930      2.389421380334
    8      5.455140649556     -3.205179082288      2.556910607713
    8     -3.742564416387      0.051846241843      2.395845336730
    8     -5.666310319086      3.245543460349      2.381625036368
    8     -1.840135463729     -3.235199154763      2.527205029745
    8      1.863054202696     -1.094838032480      0.834480510777
    8      0.012061322175      2.184392961699      0.798505724618
    8      3.756371530523     -4.406544829013      0.838688942019
    8      5.685168498561     -1.090158551714      0.848763717317
    8      3.764330914154      2.158320899867      0.844251577378
    8      7.499632031042     -4.312727040907      0.892690064667
    8     -1.888624217948     -1.096630742324      0.860782121456
    8     -3.776638430249      2.185100715563      0.813076243898
    8      0.058828978833     -4.322572565706      0.930308942940
  258     -0.002350266677     -0.004524639701      0.003243165031
  258     -1.894015094632      3.261987475610      0.003360223756
  258      1.886353973013     -3.271813871119      0.055346145001
  258      3.766830126318     -0.002368852247      0.018322661839
  258      1.883141657627      3.294358032945      0.042366590306
  258      5.657715427826     -3.277198970617      0.051873090425
  258     -3.759851258440      0.008307226813      0.014449918108
  258     -5.643504927108      3.285522850109      0.054158808880
  258     -1.882858120641     -3.262398976532      0.097645955286
    8     -1.883436250327      1.082974894942     -0.794959996343
    8     -3.783788458281      4.380755087456     -0.783743194940
    8     -0.002438496220     -2.193587210704     -0.771808285970
    8      1.893180591704      1.088634085938     -0.785523655856
    8      0.003780461715      4.378003013552     -0.780066223398
    8      3.771953545086     -2.186167835833     -0.761011308837
    8     -5.659862198138      1.092959931597     -0.781131231295
    8     -7.531035149747      4.393285615706     -0.734410663288
    8     -3.762082649395     -2.179510998082     -0.775297153008
    8      0.000000000000      0.000000000000     -2.343480358560
    8     -1.886262240340      3.273271728095     -2.343480358560
    8      1.886262240344     -3.273271728090     -2.343480358560
    8      3.768447584342     -0.002306473032     -2.343480358560
    8      1.882185343996      3.270965255062     -2.343480358560
    8      5.654709824697     -3.275578201119     -2.343480358560
    8     -3.768447584342      0.002306473022     -2.343480358560
    8     -5.654709824697      3.275578201119     -2.343480358560
    8     -1.882185344003     -3.270965255058     -2.343480358560
  258     -1.884903274894      1.091859400371     -3.124640478080
  258     -3.771165515228      4.365131128471     -3.124640478080
  258      0.001358965451     -2.181412327716     -3.124640478080
  258      1.883544309443      1.089552927346     -3.124640478080
  258     -0.002717930895      4.362824655437     -3.124640478080
  258      3.769806549790     -2.183718800748     -3.124640478080
  258     -5.653350859275      1.094165873390     -3.124640478080
  258     -7.539613099575      4.367437601505     -3.124640478080
  258     -3.767088618896     -2.179105854688     -3.124640478080
    8      1.884903274894     -1.091859400371     -3.905800597599
    8     -0.001358965451      2.181412327716     -3.905800597599
    8      3.771165515228     -4.365131128471     -3.905800597599
    8      5.653350859275     -1.094165873390     -3.905800597599
    8      3.767088618900      2.179105854689     -3.905800597599
    8      7.539613099575     -4.367437601505     -3.905800597599
    8     -1.883544309443     -1.089552927346     -3.905800597599
    8     -3.769806549792      2.183718800748     -3.905800597599
    8      0.002717930894     -4.362824655437     -3.905800597599
    1      5.753195855474      7.416809031415      5.522310537439
    8      2.249976024736      1.502297522809      6.694717790971
    1      1.992774128900      1.367274160471      5.743756556862
    1      1.907685597650      0.692265381915      7.133989815855
    8      3.795473314440     -1.575747441505      4.845909877118
    1      4.026764459251     -0.851472799472      5.552782488070
    1      3.625266429126     -2.441036918220      5.350861965176
    8     -6.668786659186      0.338797391845      6.355650878578
    1     -6.248444009003      0.759532222950      5.552128679079
    1      3.820279078331      0.872571350180      6.581628865338
    1      2.236005541103     -4.094695160387      5.758361466698
    8      3.276405040851     -3.929447333333      5.663115205161
    1      3.816373902087     -4.516848827417      6.255397690339
    1     -1.671070162320     17.394481835356      6.321433583994
    8     -2.167543746296     18.159682392557      5.960995632510
    1     -3.051959992335     17.814555769284      5.692445415091
    8     -1.395560857136      1.455544879153      6.612520859353
    1     -1.500475025548      1.210417719521      5.638273564140
    1     -1.357885148158      0.601135064703      7.074038432080
    1     -0.302150190991      4.157888623491      5.678806524024
    8     -0.440865303808      4.235300712443      6.672489331455
    1     -0.639475805887      3.320277901038      6.962383335059
    8      1.768948757713     11.971498354447      5.864150716889
    1      2.596567882737     11.739616311575      6.358582126938
    1      1.018902076061     11.555759067542      6.316336574196
    8     -9.453947974909     18.447549607052      7.404535532410
    1    -10.028693318120     17.683384637044      7.136222531719
    1     -8.767668558648     18.092007522195      7.986449710601
    8      0.148067046919     16.635879788094      6.342810217569
    1     -2.773128762644     14.475257341672      5.957876353893
    8     -3.542543723234     15.077615470554      5.969265318620
    1     -4.268341281833     14.656723495406      6.486523560249
    8      0.741920596475     15.455097068039      5.632788376190
    0    0
