   2   1   1 E -1.7735438302130E+04 DE-1.1E-06(  5)
  0.113053579477E+02 -0.692999434443E-02  0.000000000000E+00
 -0.565880351301E+01  0.981981379719E+01  0.000000000000E+00
  0.000000000000E+00  0.000000000000E+00  0.500000000000E+03
    1
  0.100000000000E+01  0.000000000000E+00  0.000000000000E+00
  0.000000000000E+00  0.100000000000E+01  0.000000000000E+00
  0.000000000000E+00  0.000000000000E+00  0.100000000000E+01
  0.000000000000E+00  0.000000000000E+00  0.000000000000E+00
  113
    8     -1.800252152542      1.084948118569      4.060151903762
    8     -3.741492144790      4.262934656537      3.829090352991
    8      0.050595846773     -2.003294966942      4.042477452149
    8      1.854188650664      1.104149964796      4.064035590842
    8     -0.116154771066      4.226292539147      4.081624588282
    8     -5.700750221641      1.083884940138      4.024262371026
    8     -7.435534241197      4.253898283972      4.087135788424
    8     -3.863404153315     -2.019428393421      4.056782751051
  258      1.828708324914     -0.999060935968      3.182389030134
  258      0.012179166151      2.172331300834      3.144212661563
  258      3.753180087906     -4.530385423846      3.180588833742
  258      5.725120635360     -1.038643900391      3.158711559184
  258      3.769006907421      2.220025308744      3.169976199854
  258      7.522842354216     -4.351730130343      3.373516346199
  258     -1.874515091715     -1.071337197838      3.267564521513
  258     -3.779448659066      2.158614847362      3.266349153343
  258      0.017799204910     -4.382757130421      3.353876176615
    8      0.008568249263      0.027670194906      2.347574071121
    8     -1.868737860578      3.198522897675      2.342494811734
    8      2.048305421335     -3.162205208023      2.572954526172
    8      3.745017542914     -0.070623676179      2.405168354343
    8      1.884093147880      3.256032475345      2.389478043844
    8      5.455380179708     -3.205159116473      2.557155959427
    8     -3.742531013564      0.051814958465      2.395712645303
    8     -5.666619868480      3.245420164450      2.381692725410
    8     -1.839793824341     -3.235042711051      2.527258878201
    8      1.863132767596     -1.094826708426      0.834421034517
    8      0.012154108786      2.184350789114      0.798556039949
    8      3.756719351272     -4.406229022028      0.838889621470
    8      5.685134194232     -1.090019666802      0.849047139651
    8      3.764154618758      2.158110065509      0.844418703180
    8      7.499796081700     -4.312626511800      0.892610426977
    8     -1.888764770898     -1.096532687179      0.861178634700
    8     -3.776698760943      2.184991620824      0.812649753764
    8      0.058958922205     -4.322654760959      0.930007585752
  258     -0.002605938117     -0.004333933719      0.003341825967
  258     -1.894229871984      3.261986579089      0.003256275195
  258      1.886476911145     -3.271673276932      0.055197245816
  258      3.766770121765     -0.002590725223      0.018279915173
  258      1.883062729636      3.294225259439      0.041955748966
  258      5.657748181287     -3.277140436004      0.051942542548
  258     -3.759785597939      0.008269116216      0.014110907705
  258     -5.643607104407      3.285456604347      0.054426377817
  258     -1.882836510189     -3.262411529659      0.097338208188
    8     -1.883230968455      1.082999198854     -0.795015548872
    8     -3.783602100075      4.380860849187     -0.783588539826
    8     -0.002492217908     -2.193604925972     -0.772206701003
    8      1.893160384198      1.088247506537     -0.785405819902
    8      0.003626195197      4.377993593229     -0.780030753602
    8      3.772093468529     -2.186166507369     -0.761206180821
    8     -5.659800756822      1.092920793050     -0.781419262981
    8     -7.530799200655      4.393085733893     -0.734236254112
    8     -3.762027232387     -2.179432522887     -0.775156734969
    8      0.000000000000      0.000000000000     -2.343480358560
    8     -1.886267837670      3.273271265740     -2.343480358560
    8      1.886267837674     -3.273271265735     -2.343480358560
    8      3.768452649186     -0.002309998118     -2.343480358560
    8      1.882184811510      3.270961267621     -2.343480358560
    8      5.654720486871     -3.275581263851     -2.343480358560
    8     -3.768452649186      0.002309998108     -2.343480358560
    8     -5.654720486871      3.275581263851     -2.343480358560
    8     -1.882184811517     -3.270961267617     -2.343480358560
  258     -1.884906828952      1.091860421282     -3.124640478080
  258     -3.771174666616      4.365131687026     -3.124640478080
  258      0.001361008723     -2.181410844451     -3.124640478080
  258      1.883545820229      1.089550423170     -3.124640478080
  258     -0.002722017439      4.362821688906     -3.124640478080
  258      3.769813657906     -2.183720842569     -3.124640478080
  258     -5.653359478177      1.094170419387     -3.124640478080
  258     -7.539627315806      4.367441685146     -3.124640478080
  258     -3.767091640468     -2.179100846336     -3.124640478080
    8      1.884906828952     -1.091860421282     -3.905800597599
    8     -0.001361008723      2.181410844451     -3.905800597599
    8      3.771174666616     -4.365131687026     -3.905800597599
    8      5.653359478177     -1.094170419387     -3.905800597599
    8      3.767091640472      2.179100846337     -3.905800597599
    8      7.539627315806     -4.367441685146     -3.905800597599
    8     -1.883545820229     -1.089550423170     -3.905800597599
    8     -3.769813657908      2.183720842569     -3.905800597599
    8      0.002722017438     -4.362821688906     -3.905800597599
    1      5.752721806899      7.416448085500      5.522417729578
    8      2.249237983270      1.503292751509      6.694717673788
    1      1.992381247501      1.367750638998      5.743751372602
    1      1.907083417941      0.693453361358      7.133984958625
    8      3.796089642605     -1.576172478898      4.845552337170
    1      4.026456228813     -0.851605217966      5.552735896314
    1      3.625463061949     -2.441336614722      5.350591029676
    8     -6.669686457189      0.338591480431      6.355073544656
    1     -6.248322957520      0.759863080873      5.552082989651
    1      3.819955228576      0.872962480376      6.580827003826
    1      2.235520699957     -4.095040084160      5.758445634930
    8      3.275986107696     -3.929272470835      5.662692448080
    1      3.816506083924     -4.517021444783      6.254534890796
    1     -1.671853498173     17.394124282131      6.321507904439
    8     -2.167541887006     18.159822161503      5.961327054567
    1     -3.051880692883     17.815400904101      5.692230917200
    8     -1.395716209933      1.455391647113      6.612771146417
    1     -1.500571087876      1.210750289317      5.638376872692
    1     -1.358754968998      0.600852179674      7.073128581433
    1     -0.302011437624      4.157661573615      5.678903039097
    8     -0.442221746856      4.235175332777      6.672546747094
    1     -0.640657523273      3.320133200025      6.962393932267
    8      1.769337914221     11.971357753333      5.864450737263
    1      2.596909318888     11.739704395766      6.359056224823
    1      1.019410145066     11.556481887686      6.316546196097
    8     -9.454628861250     18.448202099920      7.404203323177
    1    -10.029727802545     17.683726704018      7.136535313182
    1     -8.765988969859     18.091437565357      7.983433331524
    8      0.148267212294     16.635617737084      6.343043496462
    1     -2.772636109154     14.475600231876      5.958237765463
    8     -3.542752098876     15.076870167220      5.968532957479
    1     -4.267712019190     14.656575533201      6.487349723814
    8      0.741908647925     15.455021679064      5.632779014068
    0    0
