   2   1   1 E -1.7735438111721E+04 DE-2.5E-06(  4)
  0.113050748069E+02 -0.679022930663E-02  0.000000000000E+00
 -0.565854003265E+01  0.982040155518E+01  0.000000000000E+00
  0.000000000000E+00  0.000000000000E+00  0.500000000000E+03
    1
  0.100000000000E+01  0.000000000000E+00  0.000000000000E+00
  0.000000000000E+00  0.100000000000E+01  0.000000000000E+00
  0.000000000000E+00  0.000000000000E+00  0.100000000000E+01
  0.000000000000E+00  0.000000000000E+00  0.000000000000E+00
  113
    8     -1.800934432820      1.084269458500      4.061155566298
    8     -3.742318871354      4.264575495464      3.828460274242
    8      0.051818341719     -2.002325017906      4.042150159741
    8      1.854579198701      1.104444198866      4.063640697789
    8     -0.116116514052      4.226351040805      4.079812243762
    8     -5.700668849153      1.085155642767      4.022837549503
    8     -7.435686203004      4.254180876190      4.087945327253
    8     -3.864088705202     -2.018863256850      4.054970262466
  258      1.829535437643     -0.999150184589      3.181497609482
  258      0.011490219494      2.171553078761      3.145007183692
  258      3.753586400088     -4.530784046385      3.180898298671
  258      5.724983510438     -1.038797229739      3.158106787839
  258      3.768656617940      2.220401216119      3.170157946986
  258      7.522515093201     -4.351699519089      3.370919202132
  258     -1.875171402097     -1.071159896988      3.267991491723
  258     -3.780415995469      2.160177834859      3.264763563053
  258      0.016686625624     -4.383341041459      3.355236358256
    8      0.007820980552      0.028493879777      2.347253566040
    8     -1.868384015004      3.198147578015      2.342926045637
    8      2.051008894638     -3.161042563942      2.572692302363
    8      3.744975849263     -0.070583324535      2.404560906416
    8      1.884926848333      3.256482053908      2.388834684760
    8      5.453665340079     -3.204569035170      2.556802752596
    8     -3.742440766655      0.052517025184      2.395249607955
    8     -5.667318357460      3.247102792670      2.381472549759
    8     -1.838911328055     -3.235038420210      2.527208846694
    8      1.862464504028     -1.094489219025      0.834473297714
    8      0.012452326593      2.184924478006      0.798469081086
    8      3.756411656491     -4.407722717318      0.838533834313
    8      5.685128711562     -1.090132279432      0.848084694435
    8      3.764360449518      2.157999205765      0.843676938196
    8      7.498900554363     -4.312087106511      0.892915730014
    8     -1.888763928680     -1.097148844128      0.860477279590
    8     -3.777416355865      2.186076343546      0.813839982543
    8      0.059661246951     -4.322146805404      0.930432678839
  258     -0.002157238472     -0.004316665186      0.003141432666
  258     -1.893783661818      3.262329115163      0.003335907237
  258      1.886392117373     -3.272112278553      0.055882967439
  258      3.766709892582     -0.001835593568      0.017849908398
  258      1.882916597759      3.295127304587      0.043599896745
  258      5.657413997077     -3.276927928544      0.051034354897
  258     -3.759687662672      0.008375102372      0.014503278030
  258     -5.643250120831      3.285883011041      0.053728439025
  258     -1.882208821303     -3.262119445424      0.097078158118
    8     -1.883709669182      1.083281991431     -0.794389190289
    8     -3.783806244805      4.380975185803     -0.784096369041
    8     -0.002571014470     -2.193675718156     -0.772182947084
    8      1.893024022330      1.089035961362     -0.785835395269
    8      0.003928151593      4.378648051448     -0.780452197408
    8      3.771638068418     -2.186396911517     -0.760622826923
    8     -5.659471209658      1.093125685779     -0.781529913171
    8     -7.530913723489      4.393920254550     -0.733650570779
    8     -3.762146934425     -2.179589850054     -0.775539090221
    8      0.000000000000      0.000000000000     -2.343480358560
    8     -1.886180010885      3.273467185069     -2.343480358560
    8      1.886180010889     -3.273467185064     -2.343480358560
    8      3.768358268930     -0.002263409772     -2.343480358560
    8      1.882178258038      3.271203775296     -2.343480358560
    8      5.654538279829     -3.275730594834     -2.343480358560
    8     -3.768358268930      0.002263409762     -2.343480358560
    8     -5.654538279829      3.275730594834     -2.343480358560
    8     -1.882178258045     -3.271203775292     -2.343480358560
  258     -1.884846093272      1.091910198276     -3.124640478080
  258     -3.771026104151      4.365377383350     -3.124640478080
  258      0.001333917619     -2.181556986785     -3.124640478080
  258      1.883512175653      1.089646788510     -3.124640478080
  258     -0.002667835230      4.363113973575     -3.124640478080
  258      3.769692186545     -2.183820396558     -3.124640478080
  258     -5.653204362240      1.094173608035     -3.124640478080
  258     -7.539384373084      4.367640793124     -3.124640478080
  258     -3.767024351316     -2.179293577016     -3.124640478080
    8      1.884846093272     -1.091910198276     -3.905800597599
    8     -0.001333917619      2.181556986785     -3.905800597599
    8      3.771026104151     -4.365377383350     -3.905800597599
    8      5.653204362240     -1.094173608035     -3.905800597599
    8      3.767024351320      2.179293577017     -3.905800597599
    8      7.539384373084     -4.367640793124     -3.905800597599
    8     -1.883512175653     -1.089646788510     -3.905800597599
    8     -3.769692186547      2.183820396558     -3.905800597599
    8      0.002667835229     -4.363113973575     -3.905800597599
    1      5.756201005066      7.418204979355      5.521660377451
    8      2.251542193980      1.496731125785      6.696926893483
    1      1.993792848288      1.367201731512      5.745434248569
    1      1.911061322994      0.682973574537      7.131196500415
    8      3.795525030508     -1.574591418477      4.847221597511
    1      4.028575684770     -0.850106230352      5.553372614697
    1      3.624839532653     -2.438677193555      5.353532688331
    8     -6.664272336540      0.339346566386      6.355535228793
    1     -6.248771145567      0.760942814936      5.549887176627
    1      3.823931459339      0.871077927541      6.584370641098
    1      2.235224025416     -4.094813710181      5.757932408279
    8      3.276302991139     -3.930298573723      5.663009710640
    1      3.812905533843     -4.512580146885      6.261924027905
    1     -1.665495569537     17.396139380803      6.321367706762
    8     -2.166194745533     18.157677588258      5.959175237781
    1     -3.050341149854     17.808401507694      5.696329336662
    8     -1.393443792677      1.457549305056      6.612335051723
    1     -1.499663087605      1.206985221429      5.639573741894
    1     -1.348793800075      0.606817570331      7.079661439438
    1     -0.299729773588      4.158601658414      5.677710496681
    8     -0.430733344843      4.233442085164      6.672417900413
    1     -0.628328112077      3.317725810455      6.960852602272
    8      1.766583710402     11.974410769617      5.864738013301
    1      2.595985635555     11.742975414753      6.356171368252
    1      1.021497418536     11.541728148053      6.310291737523
    8     -9.451492366908     18.446485897495      7.406506936478
    1    -10.024721475474     17.682262961613      7.134416221114
    1     -8.796548474746     18.099593224424      8.028552185210
    8      0.151514686564     16.638578265104      6.343218982287
    1     -2.774868072842     14.478120482961      5.956165197391
    8     -3.542639420294     15.082424157593      5.967449578767
    1     -4.270332982244     14.662354306819      6.483487379896
    8      0.742963927378     15.456162828397      5.633678486144
    0    0
