   2   1   1 E -1.7735438166318E+04 DE-2.0E-06(  4)
  0.113048623222E+02 -0.707157466023E-02  0.000000000000E+00
 -0.565867804619E+01  0.982039746938E+01  0.000000000000E+00
  0.000000000000E+00  0.000000000000E+00  0.500000000000E+03
    1
  0.100000000000E+01  0.000000000000E+00  0.000000000000E+00
  0.000000000000E+00  0.100000000000E+01  0.000000000000E+00
  0.000000000000E+00  0.000000000000E+00  0.100000000000E+01
  0.000000000000E+00  0.000000000000E+00  0.000000000000E+00
  113
    8     -1.800496253485      1.085149951622      4.059615606262
    8     -3.737670428163      4.265222694253      3.825535983046
    8      0.049211342473     -1.998996335717      4.046418090952
    8      1.855629039197      1.106731845479      4.064595713203
    8     -0.112439060959      4.228760463649      4.082845796030
    8     -5.699183968893      1.084259256767      4.026368397342
    8     -7.440302618257      4.254660862000      4.089010105398
    8     -3.863959415298     -2.015080777491      4.055382873925
  258      1.828014994750     -1.000071843710      3.185257869248
  258      0.012563525056      2.173304471124      3.145044349420
  258      3.754377506544     -4.529003040912      3.180945509330
  258      5.724848679180     -1.037382857649      3.155432285258
  258      3.767671343799      2.221073633529      3.173183423792
  258      7.522433036227     -4.349526854883      3.368799285054
  258     -1.872252747429     -1.069949053515      3.265348060176
  258     -3.779077552718      2.160764840642      3.263006083762
  258      0.015787354364     -4.384190317963      3.356347836626
    8      0.007708543806      0.028937471475      2.348278384737
    8     -1.864150250147      3.200200391088      2.343495273756
    8      2.051289556999     -3.159589819757      2.572883577525
    8      3.743792795004     -0.070098902496      2.406304711917
    8      1.884168647183      3.258196778634      2.388489323818
    8      5.456833804254     -3.205686400318      2.553802666070
    8     -3.742071116580      0.052799269917      2.393919151804
    8     -5.667512745944      3.246536008787      2.384639405647
    8     -1.839904055649     -3.234719163453      2.527978809035
    8      1.862164891137     -1.093371661069      0.835315025428
    8      0.012719788994      2.184079176513      0.797030639781
    8      3.754189487657     -4.407429573403      0.838781547997
    8      5.684135591534     -1.089338586928      0.847740690396
    8      3.765433426585      2.158738533710      0.844957206550
    8      7.499984202791     -4.312046767560      0.892752157575
    8     -1.888101549119     -1.096669433357      0.859813877690
    8     -3.776203965079      2.187801469495      0.816430307834
    8      0.058861513565     -4.322791765726      0.931131375095
  258     -0.001087345484     -0.004641875282      0.002988725710
  258     -1.892910147835      3.262576392547      0.003406372338
  258      1.886119483044     -3.271655598271      0.056342269428
  258      3.766359614605     -0.001398251785      0.019339624193
  258      1.883584460535      3.294135225319      0.042706505295
  258      5.656942281292     -3.277398928072      0.050909615535
  258     -3.759372118216      0.009074938357      0.014579732480
  258     -5.643061281477      3.286548776956      0.053609186925
  258     -1.882612872837     -3.262029055834      0.097183487423
    8     -1.885049899182      1.083811858077     -0.793972457707
    8     -3.784009221027      4.380463230634     -0.785051709021
    8     -0.001840217934     -2.193125903392     -0.771205169101
    8      1.893793995944      1.089008163783     -0.786244023140
    8      0.003790550394      4.378903589506     -0.779696980355
    8      3.771138962799     -2.185738016673     -0.760177409878
    8     -5.658621503901      1.094257769544     -0.780213115424
    8     -7.530973238606      4.394421681760     -0.734509670403
    8     -3.762159308532     -2.179160264423     -0.775730503701
    8      0.000000000000      0.000000000000     -2.343480358560
    8     -1.886226015398      3.273465823136     -2.343480358560
    8      1.886226015402     -3.273465823131     -2.343480358560
    8      3.768287440691     -0.002357191557     -2.343480358560
    8      1.882061425286      3.271108631578     -2.343480358560
    8      5.654513456103     -3.275823014685     -2.343480358560
    8     -3.768287440691      0.002357191547     -2.343480358560
    8     -5.654513456103      3.275823014685     -2.343480358560
    8     -1.882061425293     -3.271108631574     -2.343480358560
  258     -1.884837818696      1.091941004893     -3.124640478080
  258     -3.771063834088      4.365406828034     -3.124640478080
  258      0.001388196707     -2.181524818235     -3.124640478080
  258      1.883449621989      1.089583813343     -3.124640478080
  258     -0.002776393407      4.363049636475     -3.124640478080
  258      3.769675637394     -2.183882009792     -3.124640478080
  258     -5.653125259425      1.094298196437     -3.124640478080
  258     -7.539351274783      4.367764019593     -3.124640478080
  258     -3.766899243989     -2.179167626682     -3.124640478080
    8      1.884837818696     -1.091941004893     -3.905800597599
    8     -0.001388196707      2.181524818235     -3.905800597599
    8      3.771063834088     -4.365406828034     -3.905800597599
    8      5.653125259425     -1.094298196437     -3.905800597599
    8      3.766899243993      2.179167626683     -3.905800597599
    8      7.539351274783     -4.367764019593     -3.905800597599
    8     -1.883449621989     -1.089583813343     -3.905800597599
    8     -3.769675637396      2.183882009792     -3.905800597599
    8      0.002776393406     -4.363049636475     -3.905800597599
    1      5.734964246775      7.402103129843      5.531569875615
    8      2.245752979242      1.487006560134      6.699185079265
    1      1.987721937297      1.363305418204      5.747130107610
    1      1.895819319118      0.675901423927      7.129812532524
    8      3.795365507852     -1.583565939193      4.837943543757
    1      4.028645928118     -0.853885828800      5.541573237422
    1      3.624623008363     -2.446116699753      5.346147791940
    8     -6.679046182135      0.323911279185      6.351937731837
    1     -6.258264317329      0.752577959310      5.552529806288
    1      3.809048649981      0.857241347926      6.582514308139
    1      2.243048810822     -4.105146600709      5.762572810174
    8      3.277235778507     -3.933359702172      5.668971651915
    1      3.825945730418     -4.528562149835      6.247926959872
    1     -1.709391727458     17.376729276560      6.310954592543
    8     -2.177099855649     18.165541758599      5.966206955706
    1     -3.065419744780     17.846790188053      5.679266819821
    8     -1.391455662366      1.460608129420      6.610152117044
    1     -1.496592171816      1.208394924194      5.637530075365
    1     -1.350111033597      0.609445378062      7.078556655423
    1     -0.297361810674      4.159789783217      5.680558089366
    8     -0.442969460879      4.239930634091      6.673565061833
    1     -0.644667492346      3.325719846725      6.962644195316
    8      1.767375016284     11.980705286265      5.864474468237
    1      2.599105710679     11.748341641417      6.352021113320
    1      1.029720696845     11.525500423654      6.299396582828
    8     -9.474852758252     18.431683335875      7.383792486955
    1    -10.055751987810     17.665117682788      7.133494903952
    1     -8.741747377691     18.067472314254      7.901963705790
    8      0.121662233119     16.609910039612      6.343541460089
    1     -2.771528600174     14.482119533259      5.949526319497
    8     -3.538705273754     15.087642319124      5.967034802503
    1     -4.261417282030     14.670046547281      6.489258749197
    8      0.736777044534     15.444846182740      5.627089670371
    0    0
