   2   1   1 E -1.7735438053899E+04 DE-5.5E-06(  3)
  0.113052051300E+02 -0.684518734672E-02  0.000000000000E+00
 -0.565865316692E+01  0.982012845188E+01  0.000000000000E+00
  0.000000000000E+00  0.000000000000E+00  0.500000000000E+03
    1
  0.100000000000E+01  0.000000000000E+00  0.000000000000E+00
  0.000000000000E+00  0.100000000000E+01  0.000000000000E+00
  0.000000000000E+00  0.000000000000E+00  0.100000000000E+01
  0.000000000000E+00  0.000000000000E+00  0.000000000000E+00
  113
    8     -1.800595938604      1.084851570532      4.060198432018
    8     -3.742305282650      4.265002819441      3.829781715635
    8      0.051311959621     -2.002394441511      4.041328448044
    8      1.854973952155      1.103509783943      4.063256783858
    8     -0.116526888190      4.225665710743      4.081013125957
    8     -5.701813035844      1.085839713545      4.022395674922
    8     -7.435585891611      4.254064126755      4.086719365715
    8     -3.864248452250     -2.019079207044      4.055986786233
  258      1.830046844362     -0.999427815604      3.181658880064
  258      0.011775024299      2.170996643267      3.144400409100
  258      3.754136548621     -4.530645456865      3.180561410509
  258      5.725369735981     -1.038811873388      3.158847188862
  258      3.769045187528      2.220382655893      3.170430784055
  258      7.522115709069     -4.352327647621      3.371425735203
  258     -1.875192908887     -1.071147362350      3.267204365822
  258     -3.780792621178      2.161273805902      3.265301612458
  258      0.017202859194     -4.382758405644      3.355265835697
    8      0.007930006700      0.028403788951      2.347171411033
    8     -1.868038123438      3.199312818931      2.343001336990
    8      2.051273886783     -3.161088994111      2.573161298222
    8      3.745032258773     -0.071147696383      2.404042001676
    8      1.884941250873      3.256800970797      2.389263732695
    8      5.454074139005     -3.204462328833      2.556506165422
    8     -3.743095745432      0.052435695641      2.396310607880
    8     -5.665844658428      3.246557548416      2.381197278108
    8     -1.839835017653     -3.234783076691      2.526982079467
    8      1.862446298231     -1.094872023441      0.834554052738
    8      0.012295825318      2.184638646378      0.798477343247
    8      3.755983242581     -4.407364498353      0.838262247492
    8      5.685283780463     -1.090509210117      0.847929943289
    8      3.764533935979      2.158343903661      0.843985865489
    8      7.498801002297     -4.312403154205      0.893100480770
    8     -1.888580212896     -1.096843929921      0.859941893947
    8     -3.776767918698      2.185696211892      0.814061714855
    8      0.059298691426     -4.322378644177      0.930990934634
  258     -0.001785154192     -0.004694892148      0.002758583339
  258     -1.893480816881      3.262119250904      0.003323056956
  258      1.886159212298     -3.272123507896      0.055560246817
  258      3.766758410481     -0.001886575179      0.017958930645
  258      1.883271514212      3.295387611566      0.044450332533
  258      5.657533323516     -3.276872953710      0.051231444432
  258     -3.760063613338      0.008429235025      0.015015101640
  258     -5.642912529782      3.285668280854      0.053245341081
  258     -1.882694415563     -3.262220761915      0.098101442577
    8     -1.883669322548      1.083022221756     -0.794630483813
    8     -3.784293359366      4.380727638446     -0.784231210592
    8     -0.002815544912     -2.194015938781     -0.771606390707
    8      1.893155100773      1.089693368116     -0.785875728341
    8      0.003933848878      4.378520940460     -0.780343557505
    8      3.771543900769     -2.186443403917     -0.760690751864
    8     -5.659823011637      1.092964296228     -0.781177855700
    8     -7.531108275218      4.393955881279     -0.734328576647
    8     -3.762228015054     -2.179470457545     -0.775687884022
    8      0.000000000000      0.000000000000     -2.343480358560
    8     -1.886217722307      3.273376150637     -2.343480358560
    8      1.886217722311     -3.273376150632     -2.343480358560
    8      3.768401709961     -0.002281729119     -2.343480358560
    8      1.882183987648      3.271094421517     -2.343480358560
    8      5.654619432282     -3.275657879749     -2.343480358560
    8     -3.768401709961      0.002281729109     -2.343480358560
    8     -5.654619432282      3.275657879749     -2.343480358560
    8     -1.882183987655     -3.271094421513     -2.343480358560
  258     -1.884873144089      1.091885959915     -3.124640478080
  258     -3.771090866390      4.365262110556     -3.124640478080
  258      0.001344578223     -2.181490190715     -3.124640478080
  258      1.883528565867      1.089604230802     -3.124640478080
  258     -0.002689156438      4.362980381435     -3.124640478080
  258      3.769746288181     -2.183771919834     -3.124640478080
  258     -5.653274854089      1.094167689020     -3.124640478080
  258     -7.539492576356      4.367543839677     -3.124640478080
  258     -3.767057131744     -2.179208461600     -3.124640478080
    8      1.884873144089     -1.091885959915     -3.905800597599
    8     -0.001344578223      2.181490190715     -3.905800597599
    8      3.771090866390     -4.365262110556     -3.905800597599
    8      5.653274854089     -1.094167689020     -3.905800597599
    8      3.767057131748      2.179208461600     -3.905800597599
    8      7.539492576356     -4.367543839677     -3.905800597599
    8     -1.883528565867     -1.089604230802     -3.905800597599
    8     -3.769746288183      2.183771919834     -3.905800597599
    8      0.002689156437     -4.362980381435     -3.905800597599
    1      5.755166676010      7.417612661344      5.521240064091
    8      2.251314474911      1.499975791896      6.695262635372
    1      1.993575343062      1.367143631225      5.744130763439
    1      1.908905943295      0.688648221689      7.132520632158
    8      3.796261727634     -1.576075633818      4.846861157364
    1      4.027212862214     -0.851818662356      5.553445565490
    1      3.625585555593     -2.440733457950      5.352836727732
    8     -6.666415320956      0.338879247015      6.356702181890
    1     -6.249138944216      0.758712207680      5.551431169680
    1      3.822038475336      0.871743750623      6.583494959957
    1      2.235818827493     -4.094864260542      5.758220387583
    8      3.276343440598     -3.930610994522      5.664023982573
    1      3.814029446634     -4.516113113910      6.259295034929
    1     -1.667333646329     17.398115914470      6.322820962425
    8     -2.167781866430     18.159319655520      5.959519814293
    1     -3.051866906444     17.810161695743      5.695367260030
    8     -1.394342164565      1.455903199324      6.611662198842
    1     -1.500323429780      1.208283508118      5.638061438796
    1     -1.352721112449      0.603264372527      7.076435232645
    1     -0.301421790699      4.157714607224      5.678466659650
    8     -0.435041642737      4.234152068103      6.672672401775
    1     -0.633328595137      3.318879660271      6.961949195454
    8      1.767783154008     11.972439969837      5.864027500941
    1      2.595869852469     11.739679267692      6.357056937471
    1      1.018542006399     11.552512731760      6.314888057063
    8     -9.454474205590     18.447312493871      7.405017719848
    1    -10.026021276772     17.682117825760      7.133501464535
    1     -8.780978383878     18.096310320493      8.005052217594
    8      0.149021112536     16.637202542091      6.342535081735
    1     -2.775227088388     14.475756467495      5.956655238341
    8     -3.542738234746     15.080233362014      5.968880133303
    1     -4.270081356056     14.658440544204      6.483216864800
    8      0.742293558555     15.455165254483      5.633353589989
    0    0
