   2   1   1 E -1.7735438302136E+04 DE-3.8E-06(  3)
  0.113053876276E+02 -0.694204504606E-02  0.000000000000E+00
 -0.565882880741E+01  0.981986081366E+01  0.000000000000E+00
  0.000000000000E+00  0.000000000000E+00  0.500000000000E+03
    1
  0.100000000000E+01  0.000000000000E+00  0.000000000000E+00
  0.000000000000E+00  0.100000000000E+01  0.000000000000E+00
  0.000000000000E+00  0.000000000000E+00  0.100000000000E+01
  0.000000000000E+00  0.000000000000E+00  0.000000000000E+00
  113
    8     -1.800375301754      1.084868618113      4.060251430761
    8     -3.741525768903      4.262780026871      3.828932022648
    8      0.050621372175     -2.003633220433      4.042686075439
    8      1.854140462448      1.104155755045      4.064184285126
    8     -0.116172655040      4.226285413999      4.081543157387
    8     -5.700572233792      1.083733066140      4.024420067837
    8     -7.435489085210      4.253800555181      4.087108692398
    8     -3.863330740134     -2.019509659032      4.056846500328
  258      1.828681128400     -0.999189880992      3.182511501283
  258      0.012156918506      2.172294279749      3.144267975424
  258      3.753128340818     -4.530458251361      3.180550059768
  258      5.725127613853     -1.038711031990      3.158722063950
  258      3.769006635622      2.219849497752      3.169872776200
  258      7.522966623167     -4.351840254403      3.373511117394
  258     -1.874545591923     -1.071334972131      3.267622144603
  258     -3.779353812872      2.158498641344      3.266399890767
  258      0.017894015792     -4.382930933429      3.353765328721
    8      0.008504330156      0.027610450131      2.347684694145
    8     -1.868795368625      3.198394022317      2.342404296155
    8      2.048181142871     -3.162377982388      2.572929482283
    8      3.745087129955     -0.070644038838      2.405334628472
    8      1.884106741953      3.255959461429      2.389485474179
    8      5.455495013740     -3.205271202190      2.557217867010
    8     -3.742504072443      0.051826501778      2.395696337188
    8     -5.666681585929      3.245430569983      2.381696582032
    8     -1.839564086459     -3.235045853128      2.527223956350
    8      1.863140230794     -1.094895219247      0.834439815447
    8      0.012267661544      2.184327496477      0.798606424062
    8      3.756870689409     -4.406198298056      0.838985092285
    8      5.685121260481     -1.090020745756      0.849077976352
    8      3.764082228510      2.157998819134      0.844427171940
    8      7.499878976297     -4.312683527805      0.892585016075
    8     -1.888816489630     -1.096565248296      0.861353617587
    8     -3.776751918526      2.184985881226      0.812552014090
    8      0.059062729170     -4.322757999319      0.929953665679
  258     -0.002655176206     -0.004315030563      0.003391842179
  258     -1.894290560239      3.261993600623      0.003216083913
  258      1.886531297718     -3.271668875627      0.055200830106
  258      3.766763404940     -0.002704195466      0.018269695335
  258      1.883066318051      3.294206372574      0.041883524771
  258      5.657787633476     -3.277141375655      0.051935719859
  258     -3.759805205764      0.008224839138      0.013990100334
  258     -5.643617937096      3.285428188667      0.054506924168
  258     -1.882810265889     -3.262466500554      0.097270972855
    8     -1.883173488291      1.082999986186     -0.794997967270
    8     -3.783588502268      4.380899332424     -0.783551410492
    8     -0.002557263654     -2.193692049985     -0.772365235721
    8      1.893155738698      1.088148915844     -0.785373216479
    8      0.003569439463      4.377988428699     -0.780029183392
    8      3.772125981327     -2.186226192775     -0.761269700858
    8     -5.659763435934      1.092913162522     -0.781562863664
    8     -7.530698084057      4.393043477660     -0.734130936062
    8     -3.761967967693     -2.179396904209     -0.775095700694
    8      0.000000000000      0.000000000000     -2.343480358560
    8     -1.886276269136      3.273286937898     -2.343480358560
    8      1.886276269140     -3.273286937893     -2.343480358560
    8      3.768462542466     -0.002314015019     -2.343480358560
    8      1.882186273324      3.270972922879     -2.343480358560
    8      5.654738811617     -3.275600952910     -2.343480358560
    8     -3.768462542466      0.002314015009     -2.343480358560
    8     -5.654738811617      3.275600952910     -2.343480358560
    8     -1.882186273331     -3.270972922875     -2.343480358560
  258     -1.884912937201      1.091866984302     -3.124640478080
  258     -3.771189206331      4.365153922205     -3.124640478080
  258      0.001363331940     -2.181419953590     -3.124640478080
  258      1.883549605261      1.089552969289     -3.124640478080
  258     -0.002726663873      4.362839907184     -3.124640478080
  258      3.769825874404     -2.183733968608     -3.124640478080
  258     -5.653375479706      1.094180999307     -3.124640478080
  258     -7.539651748801      4.367467937225     -3.124640478080
  258     -3.767099210531     -2.179105938574     -3.124640478080
    8      1.884912937201     -1.091866984302     -3.905800597599
    8     -0.001363331940      2.181419953590     -3.905800597599
    8      3.771189206331     -4.365153922205     -3.905800597599
    8      5.653375479706     -1.094180999307     -3.905800597599
    8      3.767099210535      2.179105938575     -3.905800597599
    8      7.539651748801     -4.367467937225     -3.905800597599
    8     -1.883549605261     -1.089552969289     -3.905800597599
    8     -3.769825874406      2.183733968608     -3.905800597599
    8      0.002726663872     -4.362839907184     -3.905800597599
    1      5.752506163387      7.416094057628      5.522525563235
    8      2.248877979495      1.503729655433      6.694782147152
    1      1.992168129277      1.368055235604      5.743793571379
    1      1.906771536875      0.693870826619      7.133845418706
    8      3.796128596644     -1.576360302278      4.845337718372
    1      4.026257362239     -0.851692915878      5.552527862843
    1      3.625561312094     -2.441508514610      5.350448525165
    8     -6.670257273211      0.338535055306      6.354672902735
    1     -6.248514714982      0.759969887033      5.551896696547
    1      3.819671785377      0.873091896529      6.580630185060
    1      2.235136536290     -4.095179489324      5.758522496285
    8      3.275657659830     -3.929290629084      5.662551205063
    1      3.816366053528     -4.517022834632      6.254321619911
    1     -1.672227838085     17.393881459597      6.321246311823
    8     -2.167452517350     18.160050574399      5.961274653224
    1     -3.051905323832     17.816084764360      5.691999485743
    8     -1.395862655746      1.455317551090      6.612834555805
    1     -1.500701469794      1.210728293499      5.638450022574
    1     -1.359183375036      0.600777679734      7.072918859452
    1     -0.301819133721      4.157910999711      5.679134942010
    8     -0.442646606581      4.235421593887      6.672726212040
    1     -0.641037907345      3.320340612142      6.962455176273
    8      1.769492143056     11.971480511310      5.864356657117
    1      2.597069227040     11.739879470928      6.359019750962
    1      1.019814227250     11.556371531291      6.316295367457
    8     -9.454984054320     18.448310285952      7.403766806016
    1    -10.030168335221     17.683762233780      7.136410289101
    1     -8.765427413684     18.091240338282      7.981658459772
    8      0.147911467352     16.635338217297      6.343183764806
    1     -2.772353004653     14.475647647712      5.958715096422
    8     -3.542657376741     15.076603290385      5.968664114982
    1     -4.267329050220     14.656570565949      6.488015316368
    8      0.741598578748     15.454952511320      5.632736484562
    0    0
