   2   1   1 E -1.7735438032536E+04 DE-8.4E-07(  5)
  0.113053605765E+02 -0.692355927993E-02  0.000000000000E+00
 -0.565879924263E+01  0.981980842582E+01  0.000000000000E+00
  0.000000000000E+00  0.000000000000E+00  0.500000000000E+03
    1
  0.100000000000E+01  0.000000000000E+00  0.000000000000E+00
  0.000000000000E+00  0.100000000000E+01  0.000000000000E+00
  0.000000000000E+00  0.000000000000E+00  0.100000000000E+01
  0.000000000000E+00  0.000000000000E+00  0.000000000000E+00
  113
    8     -1.800182808088      1.084975683989      4.060097158302
    8     -3.741504808756      4.263095673958      3.829240830741
    8      0.050546567706     -2.003074699691      4.042306514533
    8      1.854273781107      1.104092285799      4.063914221630
    8     -0.116139398402      4.226263652592      4.081692417012
    8     -5.700908707246      1.084055080632      4.024108731201
    8     -7.435575027203      4.254033873714      4.087201874998
    8     -3.863425097908     -2.019435844000      4.056731203175
  258      1.828769080315     -0.999004629097      3.182252179422
  258      0.012202693171      2.172343088266      3.144196446338
  258      3.753289454596     -4.530397685302      3.180611366060
  258      5.725148928526     -1.038645316229      3.158719700487
  258      3.769026922053      2.220150157836      3.170095417763
  258      7.522766333742     -4.351663442346      3.373480883828
  258     -1.874493543064     -1.071388277720      3.267503053624
  258     -3.779544850866      2.158755656335      3.266271798373
  258      0.017688194521     -4.382700989891      3.354042024800
    8      0.008598392221      0.027727648674      2.347512136728
    8     -1.868657591861      3.198647311398      2.342612383475
    8      2.048553360340     -3.162095408922      2.572989285350
    8      3.744954135987     -0.070665183876      2.405000576939
    8      1.884104388763      3.256146429857      2.389485938753
    8      5.455303559772     -3.205154139837      2.557089096875
    8     -3.742536820859      0.051783474039      2.395765503574
    8     -5.666520156818      3.245415866942      2.381688984399
    8     -1.840014561880     -3.235108388663      2.527255900919
    8      1.863114624579     -1.094793606679      0.834430238514
    8      0.012069325251      2.184375942038      0.798555524829
    8      3.756590570625     -4.406328121192      0.838804113053
    8      5.685161400360     -1.090061795370      0.848982161835
    8      3.764224932752      2.158215815956      0.844376047821
    8      7.499739427189     -4.312650199576      0.892640917417
    8     -1.888700923620     -1.096529486757      0.861023495761
    8     -3.776645301241      2.184995158361      0.812784134411
    8      0.058875298984     -4.322603352192      0.930138988965
  258     -0.002530270605     -0.004382640531      0.003305706792
  258     -1.894157530130      3.261979751026      0.003303293995
  258      1.886424172484     -3.271712628900      0.055247815339
  258      3.766791301273     -0.002494118670      0.018315949416
  258      1.883078201027      3.294252070414      0.042061940088
  258      5.657735597178     -3.277173152931      0.051938985197
  258     -3.759791061053      0.008290955254      0.014254360565
  258     -5.643594609567      3.285484778792      0.054341498297
  258     -1.882858063721     -3.262397264556      0.097466420312
    8     -1.883296709969      1.082996472380     -0.795014342951
    8     -3.783655244114      4.380825220711     -0.783614102060
    8     -0.002438122515     -2.193568187235     -0.772024470381
    8      1.893164288496      1.088368326788     -0.785441857816
    8      0.003689272318      4.377973739151     -0.780042967755
    8      3.772048510589     -2.186139501201     -0.761123436465
    8     -5.659839575713      1.092936913598     -0.781265136425
    8     -7.530903301531      4.393156365854     -0.734311157404
    8     -3.762054001419     -2.179478390439     -0.775208141482
    8      0.000000000000      0.000000000000     -2.343480358560
    8     -1.886266414209      3.273269475285     -2.343480358560
    8      1.886266414213     -3.273269475280     -2.343480358560
    8      3.768453525447     -0.002307853096     -2.343480358560
    8      1.882187111232      3.270961622188     -2.343480358560
    8      5.654719939671     -3.275577328375     -2.343480358560
    8     -3.768453525447      0.002307853087     -2.343480358560
    8     -5.654719939671      3.275577328375     -2.343480358560
    8     -1.882187111239     -3.270961622184     -2.343480358560
  258     -1.884906646552      1.091859109457     -3.124640478080
  258     -3.771173060755      4.365128584747     -3.124640478080
  258      0.001359767662     -2.181410365822     -3.124640478080
  258      1.883546878890      1.089551256366     -3.124640478080
  258     -0.002719535317      4.362820731647     -3.124640478080
  258      3.769813293106     -2.183718218918     -3.124640478080
  258     -5.653360172038      1.094166962540     -3.124640478080
  258     -7.539626586207      4.367436437845     -3.124640478080
  258     -3.767093757790     -2.179102512728     -3.124640478080
    8      1.884906646552     -1.091859109457     -3.905800597599
    8     -0.001359767662      2.181410365822     -3.905800597599
    8      3.771173060755     -4.365128584747     -3.905800597599
    8      5.653360172038     -1.094166962540     -3.905800597599
    8      3.767093757794      2.179102512729     -3.905800597599
    8      7.539626586207     -4.367436437845     -3.905800597599
    8     -1.883546878890     -1.089551256366     -3.905800597599
    8     -3.769813293108      2.183718218918     -3.905800597599
    8      0.002719535316     -4.362820731647     -3.905800597599
    1      5.752944659585      7.416804875775      5.522383251767
    8      2.249648294053      1.502519173305      6.694725775566
    1      1.992643237499      1.367284269974      5.743763503723
    1      1.907514272633      0.692574890727      7.134010457475
    8      3.795797016835     -1.575938377603      4.845827146069
    1      4.026639459200     -0.851517229090      5.552898411311
    1      3.625359237034     -2.441164291088      5.350776213196
    8     -6.669074523694      0.338674296962      6.355437447160
    1     -6.248162288681      0.759755942193      5.552187374118
    1      3.820332307663      0.872806287901      6.581203997815
    1      2.235903466281     -4.094865227215      5.758407678881
    8      3.276330043565     -3.929313133572      5.662839674393
    1      3.816668074730     -4.516938389702      6.254909045673
    1     -1.671354003209     17.394339821379      6.321536119721
    8     -2.167515243605     18.159660487486      5.961163348849
    1     -3.051780994873     17.814779602245      5.692262973083
    8     -1.395609006985      1.455617050208      6.612661251403
    1     -1.500492841795      1.210762278309      5.638299084445
    1     -1.358240066111      0.601167637976      7.073468979483
    1     -0.302022853263      4.157791302587      5.678743309214
    8     -0.441517946499      4.235249885820      6.672461157722
    1     -0.639964160573      3.320207576054      6.962368405148
    8      1.769141613268     11.971183172202      5.864355976421
    1      2.596728645369     11.739565554704      6.358947317048
    1      1.019105014728     11.556152683172      6.316445796072
    8     -9.454317414960     18.447903407016      7.404778476355
    1    -10.029353001485     17.683585191258      7.136699866879
    1     -8.766840359674     18.091506088134      7.985458974022
    8      0.148466708705     16.635911378662      6.342921541657
    1     -2.772831690434     14.475592503093      5.957919288951
    8     -3.542704052573     15.077295330229      5.968727857904
    1     -4.268044704795     14.656665058098      6.486849779442
    8      0.742115494827     15.455199856939      5.632808267798
    0    0
