   2   1   1 E -1.7735438170306E+04 DE-4.6E-06(  3)
  0.113050194041E+02 -0.679158554231E-02  0.000000000000E+00
 -0.565851349267E+01  0.982038034469E+01  0.000000000000E+00
  0.000000000000E+00  0.000000000000E+00  0.500000000000E+03
    1
  0.100000000000E+01  0.000000000000E+00  0.000000000000E+00
  0.000000000000E+00  0.100000000000E+01  0.000000000000E+00
  0.000000000000E+00  0.000000000000E+00  0.100000000000E+01
  0.000000000000E+00  0.000000000000E+00  0.000000000000E+00
  113
    8     -1.800971428527      1.084232415493      4.061116144883
    8     -3.742311621023      4.264602120031      3.828516800239
    8      0.051807819750     -2.002219101797      4.042184081865
    8      1.854593331939      1.104457227793      4.063591572047
    8     -0.116054689274      4.226314494535      4.079886573366
    8     -5.700611014538      1.085200774003      4.022710387803
    8     -7.435719602425      4.254206850789      4.087913446400
    8     -3.863934512831     -2.018938674137      4.055022615542
  258      1.829595729803     -0.999099269007      3.181470822227
  258      0.011602185006      2.171587160349      3.144892350842
  258      3.753533024840     -4.530774462694      3.180952615594
  258      5.724967606513     -1.038753389461      3.158114062692
  258      3.768608738292      2.220556011694      3.170165119008
  258      7.522475860695     -4.351506132901      3.371158539397
  258     -1.875196473238     -1.071015585452      3.267922306440
  258     -3.780233065373      2.160023932204      3.264913823122
  258      0.016806317803     -4.383271275173      3.355180687094
    8      0.007877771965      0.028502106017      2.347244250802
    8     -1.868328272122      3.198209093227      2.342964297297
    8      2.050929857321     -3.161010715943      2.572648741047
    8      3.744918941913     -0.070529603431      2.404509447129
    8      1.884979707923      3.256556370061      2.388795060660
    8      5.453628847146     -3.204591167936      2.556894514135
    8     -3.742449919961      0.052563654273      2.395294125014
    8     -5.667209214335      3.247117132147      2.381559140012
    8     -1.838880195594     -3.235026894819      2.527261707602
    8      1.862542114753     -1.094512682351      0.834441873264
    8      0.012424962145      2.184888974048      0.798459612315
    8      3.756377938920     -4.407731259373      0.838513888506
    8      5.685117332043     -1.090179559220      0.848075418141
    8      3.764382594177      2.158072131574      0.843744710026
    8      7.498879626596     -4.312076407154      0.892899734934
    8     -1.888749671299     -1.097177329391      0.860420956497
    8     -3.777381792623      2.186072319075      0.813864999319
    8      0.059599869861     -4.322217723414      0.930409231931
  258     -0.002181859571     -0.004353618623      0.003201977897
  258     -1.893848603783      3.262249862282      0.003391677740
  258      1.886383642631     -3.272112201413      0.055841297442
  258      3.766703098774     -0.001899622452      0.017870437275
  258      1.882952402225      3.294955957303      0.043348843056
  258      5.657445744573     -3.277002145707      0.051153767345
  258     -3.759646660254      0.008491249964      0.014482843834
  258     -5.643227172227      3.285892015027      0.053763692722
  258     -1.882262827005     -3.262151523621      0.097088158185
    8     -1.883699240364      1.083253143301     -0.794444693241
    8     -3.783795828864      4.380950525758     -0.784110272206
    8     -0.002564343376     -2.193691486838     -0.772125285129
    8      1.893017893306      1.089085944330     -0.785839457106
    8      0.003933737870      4.378634965012     -0.780408517537
    8      3.771645232689     -2.186420917193     -0.760677818917
    8     -5.659475090336      1.093106306977     -0.781497415039
    8     -7.530901032065      4.393900117730     -0.733788043386
    8     -3.762141348258     -2.179546544704     -0.775580028958
    8      0.000000000000      0.000000000000     -2.343480358560
    8     -1.886171164224      3.273460114907     -2.343480358560
    8      1.886171164228     -3.273460114902     -2.343480358560
    8      3.768339801314     -0.002263861851     -2.343480358560
    8      1.882168637083      3.271196253055     -2.343480358560
    8      5.654510965553     -3.275723976751     -2.343480358560
    8     -3.768339801314      0.002263861841     -2.343480358560
    8     -5.654510965553      3.275723976751     -2.343480358560
    8     -1.882168637090     -3.271196253051     -2.343480358560
  258     -1.884836988513      1.091907992249     -3.124640478080
  258     -3.771008152731      4.365368107160     -3.124640478080
  258      0.001334175717     -2.181552122651     -3.124640478080
  258      1.883502812796      1.089644130404     -3.124640478080
  258     -0.002668351426      4.363104245307     -3.124640478080
  258      3.769673977027     -2.183815984502     -3.124640478080
  258     -5.653176789865      1.094171854086     -3.124640478080
  258     -7.539347954049      4.367631969013     -3.124640478080
  258     -3.767005625602     -2.179288260804     -3.124640478080
    8      1.884836988513     -1.091907992249     -3.905800597599
    8     -0.001334175717      2.181552122651     -3.905800597599
    8      3.771008152731     -4.365368107160     -3.905800597599
    8      5.653176789865     -1.094171854086     -3.905800597599
    8      3.767005625606      2.179288260805     -3.905800597599
    8      7.539347954049     -4.367631969013     -3.905800597599
    8     -1.883502812796     -1.089644130404     -3.905800597599
    8     -3.769673977029      2.183815984502     -3.905800597599
    8      0.002668351425     -4.363104245307     -3.905800597599
    1      5.756261504724      7.418263934825      5.521530411512
    8      2.251496189698      1.496435380366      6.696986172717
    1      1.993821113676      1.366983245210      5.745473110734
    1      1.911103225480      0.682569726311      7.131139050754
    8      3.795493949334     -1.574574183376      4.847307474011
    1      4.028638918490     -0.850094535944      5.553410493078
    1      3.624846045522     -2.438606000726      5.353666922227
    8     -6.664129078192      0.339430788800      6.355475535793
    1     -6.248762681175      0.761035569008      5.549775123768
    1      3.824028448649      0.871107773012      6.584350637997
    1      2.235297593748     -4.094725574058      5.757951668893
    8      3.276396191880     -3.930382598311      5.662990389261
    1      3.812864289187     -4.512557707504      6.262061810551
    1     -1.665586284590     17.395857316986      6.321236595741
    8     -2.166213541700     18.157670943512      5.959422477942
    1     -3.050211814669     17.808515210121      5.696135112813
    8     -1.393428130806      1.457713432758      6.612234782821
    1     -1.499674756635      1.207077968012      5.639497920747
    1     -1.348651319745      0.606993244467      7.079620034103
    1     -0.299598726883      4.158587681894      5.677669046826
    8     -0.430657280892      4.233436911946      6.672362219188
    1     -0.628116722391      3.317671900687      6.960730987713
    8      1.766388174579     11.974502001286      5.864876994999
    1      2.595935123667     11.743236426680      6.356133222258
    1      1.021628110159     11.540911313681      6.310018846653
    8     -9.451029879068     18.446181025301      7.406162745020
    1    -10.024530407772     17.682004823164      7.134402316500
    1     -8.797780261242     18.099865074130      8.030331006083
    8      0.151567214082     16.638695792623      6.343129424903
    1     -2.774940965797     14.478204572387      5.956182416220
    8     -3.542686130389     15.082586655485      5.967549132815
    1     -4.270452414955     14.662455889783      6.483443076693
    8      0.742988928470     15.456151249431      5.633678441266
    0    0
