   2   1   1 E -1.7735438167900E+04 DE-6.8E-07(  5)
  0.113050375529E+02 -0.679306532607E-02  0.000000000000E+00
 -0.565852386134E+01  0.982038167936E+01  0.000000000000E+00
  0.000000000000E+00  0.000000000000E+00  0.500000000000E+03
    1
  0.100000000000E+01  0.000000000000E+00  0.000000000000E+00
  0.000000000000E+00  0.100000000000E+01  0.000000000000E+00
  0.000000000000E+00  0.000000000000E+00  0.100000000000E+01
  0.000000000000E+00  0.000000000000E+00  0.000000000000E+00
  113
    8     -1.800913026704      1.084224844550      4.061092460538
    8     -3.742290325291      4.264558882100      3.828536985521
    8      0.051739760665     -2.002357679456      4.042151983841
    8      1.854546116219      1.104448550061      4.063603340295
    8     -0.116080696970      4.226371799501      4.079906794326
    8     -5.700668870529      1.085173286885      4.022780963176
    8     -7.435686471415      4.254211473217      4.087918579719
    8     -3.863966902927     -2.018935681874      4.055058590478
  258      1.829552572336     -0.999089894838      3.181463522891
  258      0.011579159144      2.171607444885      3.144890119065
  258      3.753528654125     -4.530784440613      3.180896372771
  258      5.724946783532     -1.038745820647      3.158131272923
  258      3.768612588974      2.220506333888      3.170148163776
  258      7.522513381664     -4.351359825630      3.371388260978
  258     -1.875207145436     -1.071025475319      3.267927921232
  258     -3.780233691186      2.159951117299      3.264915411677
  258      0.016809918107     -4.383260253376      3.355110666162
    8      0.007891472030      0.028478191536      2.347257651364
    8     -1.868382634043      3.198194722573      2.342944131871
    8      2.050877909772     -3.161054873099      2.572651772025
    8      3.744907483328     -0.070550601264      2.404493838241
    8      1.884888973911      3.256552888300      2.388835622769
    8      5.453629323453     -3.204633332381      2.556871822589
    8     -3.742437762018      0.052549983290      2.395279818094
    8     -5.667213633162      3.247062212850      2.381508703196
    8     -1.838950386145     -3.235000880822      2.527259023782
    8      1.862532560074     -1.094509542538      0.834426344403
    8      0.012397701053      2.184879294035      0.798479199968
    8      3.756380055857     -4.407738165083      0.838504329251
    8      5.685138892823     -1.090125510126      0.848078658670
    8      3.764368338731      2.158052065304      0.843701749407
    8      7.498933500219     -4.312102369712      0.892888699575
    8     -1.888745626255     -1.097127210575      0.860453787195
    8     -3.777356623546      2.186031855058      0.813774904908
    8      0.059595653465     -4.322198741574      0.930400499710
  258     -0.002208998501     -0.004328209351      0.003189913991
  258     -1.893911078521      3.262145786724      0.003359664956
  258      1.886387593303     -3.272106158638      0.055814909406
  258      3.766696806001     -0.001898618220      0.017853727675
  258      1.882916688204      3.294844821909      0.043215584808
  258      5.657440965537     -3.276993173295      0.051135211690
  258     -3.759581348495      0.008589369300      0.014474674755
  258     -5.643246638422      3.285880813620      0.053750767884
  258     -1.882264226454     -3.262141096630      0.097083328067
    8     -1.883675056166      1.083261443776     -0.794447599970
    8     -3.783783681183      4.380960074883     -0.784095752392
    8     -0.002552000525     -2.193679531692     -0.772134218330
    8      1.893015119570      1.089017877224     -0.785834631358
    8      0.003910881667      4.378581641933     -0.780447706790
    8      3.771632688801     -2.186400340115     -0.760691713076
    8     -5.659483412796      1.093114411911     -0.781510543824
    8     -7.530897960436      4.393881903865     -0.733772768958
    8     -3.762119054003     -2.179535252244     -0.775574315485
    8      0.000000000000      0.000000000000     -2.343480358560
    8     -1.886174620448      3.273460559796     -2.343480358560
    8      1.886174620452     -3.273460559791     -2.343480358560
    8      3.768345850903     -0.002264355112     -2.343480358560
    8      1.882171230449      3.271196204683     -2.343480358560
    8      5.654520471366     -3.275724914901     -2.343480358560
    8     -3.768345850903      0.002264355102     -2.343480358560
    8     -5.654520471366      3.275724914901     -2.343480358560
    8     -1.882171230456     -3.271196204679     -2.343480358560
  258     -1.884840157117      1.091908304965     -3.124640478080
  258     -3.771014777559      4.365368864767     -3.124640478080
  258      0.001334463336     -2.181552254824     -3.124640478080
  258      1.883505693781      1.089643949860     -3.124640478080
  258     -0.002668926665      4.363104509652     -3.124640478080
  258      3.769680314236     -2.183816609936     -3.124640478080
  258     -5.653186008059      1.094172660064     -3.124640478080
  258     -7.539360628466      4.367633219880     -3.124640478080
  258     -3.767011387572     -2.179287899715     -3.124640478080
    8      1.884840157117     -1.091908304965     -3.905800597599
    8     -0.001334463336      2.181552254824     -3.905800597599
    8      3.771014777559     -4.365368864767     -3.905800597599
    8      5.653186008059     -1.094172660064     -3.905800597599
    8      3.767011387576      2.179287899716     -3.905800597599
    8      7.539360628466     -4.367633219880     -3.905800597599
    8     -1.883505693781     -1.089643949860     -3.905800597599
    8     -3.769680314238      2.183816609936     -3.905800597599
    8      0.002668926664     -4.363104509652     -3.905800597599
    1      5.756191360517      7.418242153524      5.521578834627
    8      2.251521870994      1.496575310716      6.696924254460
    1      1.993844699920      1.367009963551      5.745424531614
    1      1.911075772588      0.682792094055      7.131148737754
    8      3.795448466862     -1.574567622555      4.847280205142
    1      4.028579722948     -0.850125733697      5.553425161288
    1      3.624827209799     -2.438634825806      5.353604203308
    8     -6.664160318036      0.339395701329      6.355519779700
    1     -6.248694548799      0.761017826319      5.549865906474
    1      3.824012506366      0.871092253500      6.584321142632
    1      2.235298519011     -4.094770377023      5.757970988571
    8      3.276372209360     -3.930350893187      5.663021811032
    1      3.812982020590     -4.512637141845      6.261953199568
    1     -1.665514568149     17.395974597165      6.321297526019
    8     -2.166198724300     18.157660136954      5.959333970207
    1     -3.050246390585     17.808468389280      5.696160540387
    8     -1.393419776941      1.457631877577      6.612285330383
    1     -1.499674731559      1.207094800030      5.639509206408
    1     -1.348763832355      0.606889389954      7.079608631382
    1     -0.299582904892      4.158608507245      5.677694662892
    8     -0.430779650266      4.233478801566      6.672381888573
    1     -0.628204878719      3.317704115981      6.960802217901
    8      1.766502545395     11.974322635266      5.864784187474
    1      2.595969208725     11.743055560735      6.356163879495
    1      1.021512724746     11.541465502955      6.310163255412
    8     -9.451260055044     18.446332401817      7.406364177568
    1    -10.024718567091     17.682122181663      7.134537733783
    1     -8.797018297503     18.099698426688      8.029374677306
    8      0.151544024459     16.638671577243      6.343151934928
    1     -2.774879654040     14.478134415480      5.956198118092
    8     -3.542668399804     15.082476963500      5.967545368322
    1     -4.270447541153     14.662353698864      6.483454132712
    8      0.742969832186     15.456168685022      5.633686753916
    0    0
