   2   1   1 E -1.7735438252614E+04 DE-2.2E-06(  3)
  0.113041804035E+02 -0.685389418692E-02  0.000000000000E+00
 -0.565814787259E+01  0.981999320545E+01  0.000000000000E+00
  0.000000000000E+00  0.000000000000E+00  0.500000000000E+03
    1
  0.100000000000E+01  0.000000000000E+00  0.000000000000E+00
  0.000000000000E+00  0.100000000000E+01  0.000000000000E+00
  0.000000000000E+00  0.000000000000E+00  0.100000000000E+01
  0.000000000000E+00  0.000000000000E+00  0.000000000000E+00
  113
    8     -1.801370024187      1.085497097876      4.060647607979
    8     -3.739823805403      4.264559485848      3.827502499078
    8      0.051568851202     -2.001102588286      4.045643846719
    8      1.853946561098      1.105295596348      4.064643570030
    8     -0.114566006807      4.227842118013      4.080923109400
    8     -5.698592567969      1.084740652701      4.025648007884
    8     -7.437359608488      4.254579807337      4.086488488959
    8     -3.862786081815     -2.017273756249      4.057150003947
  258      1.827786245106     -0.999129650511      3.183924950737
  258      0.012236771529      2.173257386581      3.144763806660
  258      3.753810490726     -4.529181367100      3.181092951598
  258      5.725256244919     -1.037389084080      3.158160741989
  258      3.768310410507      2.220671287906      3.170625992989
  258      7.522301005141     -4.350679412109      3.370794976271
  258     -1.873885050672     -1.070520840035      3.266847528755
  258     -3.778922250835      2.160494643755      3.265772071699
  258      0.017638691008     -4.382264880558      3.353789749854
    8      0.007652128906      0.028383679939      2.347817835086
    8     -1.865610167521      3.199448305124      2.342468148246
    8      2.049143738157     -3.160505097717      2.573139430243
    8      3.743835652511     -0.070025794030      2.407210628364
    8      1.883990801184      3.257488727479      2.388605889661
    8      5.456466880582     -3.204897979256      2.556580548754
    8     -3.742152479461      0.053299443002      2.395553660557
    8     -5.666174544813      3.247283067540      2.383261042340
    8     -1.837732534387     -3.233925420502      2.526983296749
    8      1.862325324919     -1.094647451746      0.835594268489
    8      0.013572259622      2.184289485203      0.797896325587
    8      3.755540916766     -4.406071994538      0.839985171320
    8      5.683566644880     -1.088754421031      0.849032026008
    8      3.764562795776      2.158159123139      0.844225215152
    8      7.499493303875     -4.312255357907      0.892547850734
    8     -1.888913149527     -1.096462330728      0.861517514409
    8     -3.776427112781      2.187157487864      0.814242677565
    8      0.059716149261     -4.322205048341      0.930009078857
  258     -0.002105086524     -0.004272089279      0.003829042943
  258     -1.893666553639      3.262721415718      0.003507149087
  258      1.886516324187     -3.271166272597      0.055911863114
  258      3.766470167241     -0.001888958496      0.018818422560
  258      1.883334233685      3.294426540230      0.041572378560
  258      5.657062202009     -3.276943057258      0.051853602814
  258     -3.759665386840      0.008600923092      0.013767921801
  258     -5.642542257688      3.285911715306      0.054955759768
  258     -1.882795486272     -3.261832351445      0.096717242590
    8     -1.883654566281      1.083204477368     -0.793905874957
    8     -3.783385504643      4.381273825871     -0.784058298414
    8     -0.002777973908     -2.193162918712     -0.772488453171
    8      1.893526068482      1.088521493768     -0.785384056657
    8      0.003241403275      4.378755385671     -0.779847635007
    8      3.771201377826     -2.185971551264     -0.761263708399
    8     -5.658518398574      1.093545317420     -0.781800062859
    8     -7.529893613505      4.393703345869     -0.733832270957
    8     -3.761610115996     -2.178515565729     -0.775129195449
    8      0.000000000000      0.000000000000     -2.343480358560
    8     -1.886049290864      3.273331068495     -2.343480358560
    8      1.886049290868     -3.273331068490     -2.343480358560
    8      3.768060134442     -0.002284631399     -2.343480358560
    8      1.882010843572      3.271046437095     -2.343480358560
    8      5.654109425321     -3.275615699887     -2.343480358560
    8     -3.768060134442      0.002284631389     -2.343480358560
    8     -5.654109425321      3.275615699887     -2.343480358560
    8     -1.882010843579     -3.271046437091     -2.343480358560
  258     -1.884703141769      1.091871899961     -3.124640478080
  258     -3.770752432627      4.365202968461     -3.124640478080
  258      0.001346149100     -2.181459168527     -3.124640478080
  258      1.883356992669      1.089587268568     -3.124640478080
  258     -0.002692298194      4.362918337059     -3.124640478080
  258      3.769406283540     -2.183743799926     -3.124640478080
  258     -5.652763276250      1.094156531347     -3.124640478080
  258     -7.538812567074      4.367487599861     -3.124640478080
  258     -3.766713985347     -2.179174537132     -3.124640478080
    8      1.884703141769     -1.091871899961     -3.905800597599
    8     -0.001346149100      2.181459168527     -3.905800597599
    8      3.770752432627     -4.365202968461     -3.905800597599
    8      5.652763276250     -1.094156531347     -3.905800597599
    8      3.766713985351      2.179174537133     -3.905800597599
    8      7.538812567074     -4.367487599861     -3.905800597599
    8     -1.883356992669     -1.089587268568     -3.905800597599
    8     -3.769406283542      2.183743799926     -3.905800597599
    8      0.002692298193     -4.362918337059     -3.905800597599
    1      5.743406671047      7.409080919948      5.527797843001
    8      2.245008523248      1.503110602956      6.695464885934
    1      1.988292285873      1.370494559996      5.743935613724
    1      1.896189730983      0.694970605645      7.133141648981
    8      3.795095231844     -1.579069802273      4.842794565726
    1      4.025311071723     -0.852294943364      5.548655333096
    1      3.624802242571     -2.443002966595      5.349702178916
    8     -6.680071258697      0.335204882565      6.350997905305
    1     -6.255749450472      0.758861048424      5.551192995951
    1      3.809331734191      0.870196142533      6.580760809720
    1      2.232304981864     -4.100202200447      5.759787651023
    8      3.271385462482     -3.929686926226      5.665432590170
    1      3.815764527801     -4.521817332734      6.250423543196
    1     -1.689034732427     17.380255960288      6.320505704407
    8     -2.170959266844     18.157608699465      5.968283890949
    1     -3.057912710483     17.827638447265      5.690490355616
    8     -1.396032526316      1.453532202328      6.612247325335
    1     -1.500080003641      1.208402584171      5.638427412502
    1     -1.360764986318      0.599703149586      7.073756747755
    1     -0.300547383154      4.158293767740      5.679791921867
    8     -0.446999064436      4.236841695299      6.672725504540
    1     -0.646575958849      3.322286829191      6.963198403946
    8      1.767642651095     11.980246397396      5.863841762229
    1      2.596193270415     11.743845454465      6.354524656180
    1      1.018781987913     11.555394345209      6.312878383589
    8     -9.464527213754     18.446252151072      7.391243992060
    1    -10.039088553524     17.678742517492      7.132875159546
    1     -8.750480008607     18.089388042897      7.938537183932
    8      0.135732949283     16.622174196590      6.343605425174
    1     -2.768949206052     14.481800311227      5.954486400382
    8     -3.540420795686     15.080852830534      5.965115725278
    1     -4.262134551030     14.663008977875      6.489555855914
    8      0.736626870669     15.448057917910      5.630202173219
    0    0
