   2   1   1 E -1.7735435165467E+04 DE-2.0E-06(  4)
  0.113004461392E+02 -0.696549545875E-02  0.000000000000E+00
 -0.565637351944E+01  0.982603308583E+01  0.000000000000E+00
  0.000000000000E+00  0.000000000000E+00  0.500000000000E+03
    1
  0.100000000000E+01  0.000000000000E+00  0.000000000000E+00
  0.000000000000E+00  0.100000000000E+01  0.000000000000E+00
  0.000000000000E+00  0.000000000000E+00  0.100000000000E+01
  0.000000000000E+00  0.000000000000E+00  0.000000000000E+00
  113
    8     -1.795803358932      1.085482783134      4.055512536348
    8     -3.715098078166      4.258042911521      3.851269524762
    8      0.038880665218     -1.978692030433      4.069461543145
    8      1.846206232490      1.101318141730      4.079632702270
    8     -0.105502695502      4.240469763240      4.080261939643
    8     -5.713929407169      1.078061541988      4.038275153691
    8     -7.447139301640      4.250499772627      4.065230172593
    8     -3.869315481636     -2.020172557664      4.035396147138
  258      1.819878216714     -1.006273510409      3.194798803355
  258      0.011772098329      2.171374004389      3.145807392374
  258      3.755316891713     -4.531564604920      3.174099463519
  258      5.717554198813     -1.036178984396      3.144707900140
  258      3.764054268932      2.219902777351      3.174611907138
  258      7.523240140009     -4.356726949075      3.360789925752
  258     -1.873482521046     -1.069064256459      3.257156097762
  258     -3.780494418848      2.164303956350      3.274538887582
  258      0.020417425216     -4.394020407572      3.346049726032
    8      0.010578592567      0.026073202491      2.342458268885
    8     -1.860605978978      3.206086196399      2.342187745139
    8      2.027530215659     -3.176558619397      2.577996126797
    8      3.732014385363     -0.070958785893      2.408430338115
    8      1.875242764871      3.246983748463      2.385282655905
    8      5.453697964849     -3.208530702860      2.536266359179
    8     -3.745089297540      0.064963558836      2.394090943461
    8     -5.648316411087      3.244358337589      2.387576874043
    8     -1.835912787346     -3.233668868309      2.529084237226
    8      1.863309371649     -1.103851707667      0.834389232047
    8      0.010567145991      2.182296822771      0.792245998531
    8      3.747003292092     -4.407140940676      0.841021072347
    8      5.681342501441     -1.084081455375      0.847308396379
    8      3.765967469700      2.163721410439      0.849353149105
    8      7.502303434869     -4.319044312397      0.894671784335
    8     -1.891579508417     -1.098051768683      0.859903059471
    8     -3.770348938885      2.191461866855      0.809137837907
    8      0.048511955579     -4.333470362409      0.914381948172
  258     -0.000410279183     -0.007095414149      0.003600668972
  258     -1.892293815709      3.262633231075      0.005149360399
  258      1.885101364163     -3.274990658538      0.048610310255
  258      3.763021554405     -0.003341070736      0.018382714901
  258      1.882964496858      3.293747117486      0.039958081014
  258      5.654950982515     -3.278801762204      0.054224686426
  258     -3.756075918683      0.013383969777      0.014065447730
  258     -5.641422090333      3.288147582922      0.051240480334
  258     -1.883401728616     -3.267351884448      0.091026068030
    8     -1.883583718189      1.083185499261     -0.796968035385
    8     -3.779967315435      4.382570047524     -0.788849674100
    8     -0.002725482238     -2.193214779372     -0.774358135648
    8      1.895378617544      1.087190680973     -0.782418381596
    8      0.005837447662      4.385593679004     -0.777562044801
    8      3.772205547913     -2.186934917890     -0.761803217354
    8     -5.657421307439      1.094962643675     -0.781056003930
    8     -7.532042055052      4.392197980577     -0.740591287029
    8     -3.763250847684     -2.183479121504     -0.772645330124
    8      0.000000000000      0.000000000000     -2.343480358560
    8     -1.885457839812      3.275344361953     -2.343480358560
    8      1.885457839816     -3.275344361948     -2.343480358560
    8      3.766815379669     -0.002321831823     -2.343480358560
    8      1.881357539851      3.273022530130     -2.343480358560
    8      5.652273219496     -3.277666193769     -2.343480358560
    8     -3.766815379669      0.002321831813     -2.343480358560
    8     -5.652273219496      3.277666193769     -2.343480358560
    8     -1.881357539858     -3.273022530126     -2.343480358560
  258     -1.884091073161      1.092555397921     -3.124640478080
  258     -3.769548912967      4.367899759880     -3.124640478080
  258      0.001366766657     -2.182788964025     -3.124640478080
  258      1.882724306504      1.090233566105     -3.124640478080
  258     -0.002733533307      4.365577928054     -3.124640478080
  258      3.768182146323     -2.185110795848     -3.124640478080
  258     -5.650906452869      1.094877229731     -3.124640478080
  258     -7.536364292641      4.370221591705     -3.124640478080
  258     -3.765448613018     -2.180467132205     -3.124640478080
    8      1.884091073161     -1.092555397921     -3.905800597599
    8     -0.001366766657      2.182788964025     -3.905800597599
    8      3.769548912967     -4.367899759880     -3.905800597599
    8      5.650906452869     -1.094877229731     -3.905800597599
    8      3.765448613022      2.180467132206     -3.905800597599
    8      7.536364292641     -4.370221591705     -3.905800597599
    8     -1.882724306504     -1.090233566105     -3.905800597599
    8     -3.768182146325      2.185110795848     -3.905800597599
    8      0.002733533306     -4.365577928054     -3.905800597599
    1      5.471500590930      7.252469022394      5.477321472008
    8      2.146138579547      1.108967287155      6.766150139154
    1      1.917372481364      1.142904042090      5.801011857816
    1      1.804447397589      0.234021956581      7.068953332788
    8      3.789458571925     -1.634871248866      4.814318292081
    1      4.056080157669     -0.903152345451      5.521725734103
    1      3.620924421222     -2.487922814632      5.332374863868
    8     -6.705465988100      0.226415576718      6.344206595889
    1     -6.318422537446      0.723289855636      5.569103873038
    1      3.732387594594      0.675987072612      6.614767162243
    1      2.298993561521     -4.161029984098      5.812870695232
    8      3.298900515286     -3.970702220853      5.717317207068
    1      3.875419849253     -4.572614862270      6.270703804897
    1     -1.917519479415     17.531081142776      6.461288937712
    8     -2.315131792967     18.283939986730      5.981773671900
    1     -3.158942974732     17.922689257812      5.607329418519
    8     -1.349667495380      1.568449266558      6.576712644549
    1     -1.481892333149      1.249276278594      5.626303224996
    1     -1.175544031532      0.770067148893      7.099541057574
    1     -0.247244260415      4.200539288434      5.668173825949
    8     -0.396216775779      4.269313481101      6.663962151662
    1     -0.615783389385      3.347577565558      6.922806552507
    8      1.748895267130     11.922990831951      5.871195149079
    1      2.592821202990     11.742558267060      6.357385688110
    1      1.060930772227     11.360287953107      6.258323472715
    8     -9.738808383064     18.114636245066      7.339647206009
    1    -10.379501879131     17.416609929777      7.035940578870
    1     -9.001512496545     17.649025267832      7.759751903572
    8     -0.199930774926     16.401770280353      6.238079584087
    1     -2.706583862879     14.679610393863      6.011788638480
    8     -3.524955024771     15.207936069334      5.968674321326
    1     -4.223555705340     14.772943291212      6.508064166494
    8      0.681288602903     15.376092581237      5.582168862846
    0    0
