   2   1   1 E -1.7735434783988E+04 DE-3.3E-06(  6)
  0.112998872663E+02 -0.715863072978E-02  0.000000000000E+00
 -0.565626118726E+01  0.982688925017E+01  0.000000000000E+00
  0.000000000000E+00  0.000000000000E+00  0.500000000000E+03
    1
  0.100000000000E+01  0.000000000000E+00  0.000000000000E+00
  0.000000000000E+00  0.100000000000E+01  0.000000000000E+00
  0.000000000000E+00  0.000000000000E+00  0.100000000000E+01
  0.000000000000E+00  0.000000000000E+00  0.000000000000E+00
  113
    8     -1.796078073238      1.086566059040      4.055738183023
    8     -3.713518720244      4.258630704681      3.852197508020
    8      0.038879473733     -1.971510238180      4.076324802274
    8      1.845445304006      1.103481461310      4.079617319973
    8     -0.104570826079      4.240861165577      4.079855104808
    8     -5.714026452006      1.078152199030      4.038828872490
    8     -7.447405223125      4.249523906666      4.063595645523
    8     -3.868436078618     -2.022705547314      4.033790929695
  258      1.819253040369     -1.004978540794      3.196312224556
  258      0.011988332127      2.171359884853      3.144513867034
  258      3.755460303901     -4.532172630675      3.173397770982
  258      5.718024018297     -1.036634227303      3.145062571437
  258      3.764191347312      2.219189754587      3.175589788785
  258      7.522818064294     -4.357538015914      3.360802325550
  258     -1.872425547012     -1.069731311273      3.257896440181
  258     -3.780922201755      2.164525008808      3.273982506963
  258      0.021697193169     -4.395639783290      3.343859974911
    8      0.011504759429      0.025857224455      2.340673066017
    8     -1.859086694757      3.207102108424      2.340986233325
    8      2.025479393243     -3.176020855921      2.578411946379
    8      3.732923839734     -0.071108275002      2.408629308734
    8      1.874589324084      3.246844628721      2.383520435651
    8      5.452886690368     -3.209529028852      2.536556847144
    8     -3.744558194577      0.066588743737      2.394167859881
    8     -5.646712101001      3.244330328517      2.388299108651
    8     -1.834293823277     -3.234093541145      2.531186961872
    8      1.864145962705     -1.103986734027      0.833825002640
    8      0.010571026216      2.181505874112      0.792083383153
    8      3.745924650779     -4.407271374726      0.841749825034
    8      5.683225464187     -1.083092545304      0.847904103980
    8      3.765386085226      2.164052269404      0.849941177022
    8      7.504118285236     -4.318182408185      0.897156646474
    8     -1.891327708552     -1.098942659304      0.859387105816
    8     -3.769506922377      2.193171712446      0.809932349161
    8      0.047963987497     -4.335069023360      0.912370409194
  258      0.000329491801     -0.007591661575      0.003451574762
  258     -1.891918250967      3.263111338482      0.005652662428
  258      1.885988125249     -3.275635169245      0.047725891081
  258      3.763336445821     -0.003567852358      0.019137996491
  258      1.883769609733      3.293771532116      0.040699415950
  258      5.655768471577     -3.278313936100      0.055567811168
  258     -3.754842206721      0.014088812047      0.014909994116
  258     -5.640962414984      3.288438712559      0.049639866776
  258     -1.883626329508     -3.268259282177      0.090071004099
    8     -1.883115947684      1.083697538423     -0.796795535008
    8     -3.778994777965      4.382522242697     -0.789071916369
    8     -0.001959381417     -2.193912286819     -0.774920034004
    8      1.896051038045      1.086860345634     -0.781645998561
    8      0.006862996422      4.386853368367     -0.776470664079
    8      3.772724626369     -2.186745801021     -0.761299060654
    8     -5.656606185783      1.095105607948     -0.780784762775
    8     -7.531758001624      4.391652588534     -0.740977101512
    8     -3.763169947135     -2.184401416895     -0.772012671074
    8      0.000000000000      0.000000000000     -2.343480358560
    8     -1.885420395754      3.275629750066     -2.343480358560
    8      1.885420395758     -3.275629750061     -2.343480358560
    8      3.766629088717     -0.002386210246     -2.343480358560
    8      1.881208692956      3.273243539819     -2.343480358560
    8      5.652049484486     -3.278015960306     -2.343480358560
    8     -3.766629088717      0.002386210236     -2.343480358560
    8     -5.652049484486      3.278015960306     -2.343480358560
    8     -1.881208692963     -3.273243539815     -2.343480358560
  258     -1.884016494824      1.092671986767     -3.124640478080
  258     -3.769436890572      4.368301736838     -3.124640478080
  258      0.001403900936     -2.182957763292     -3.124640478080
  258      1.882612593888      1.090285776527     -3.124640478080
  258     -0.002807801864      4.365915526589     -3.124640478080
  258      3.768032989649     -2.185343973539     -3.124640478080
  258     -5.650645583579      1.095058197000     -3.124640478080
  258     -7.536065979293      4.370687947087     -3.124640478080
  258     -3.765225187786     -2.180571553049     -3.124640478080
    8      1.884016494824     -1.092671986767     -3.905800597599
    8     -0.001403900936      2.182957763292     -3.905800597599
    8      3.769436890572     -4.368301736838     -3.905800597599
    8      5.650645583579     -1.095058197000     -3.905800597599
    8      3.765225187790      2.180571553050     -3.905800597599
    8      7.536065979293     -4.370687947087     -3.905800597599
    8     -1.882612593888     -1.090285776527     -3.905800597599
    8     -3.768032989651      2.185343973539     -3.905800597599
    8      0.002807801863     -4.365915526589     -3.905800597599
    1      5.457903751913      7.242373369083      5.467165034927
    8      2.143995549826      1.096399056238      6.765808887770
    1      1.914604903445      1.136938483465      5.800586507811
    1      1.798338812113      0.221003785902      7.065394222124
    8      3.790184408782     -1.636922272257      4.814335626975
    1      4.058425801580     -0.906601047704      5.522463707335
    1      3.623873653845     -2.489675842679      5.331939159668
    8     -6.707783652593      0.225172694490      6.344920112899
    1     -6.320165362357      0.722063755451      5.569834301438
    1      3.726678962959      0.670891375049      6.613002533462
    1      2.307205261324     -4.168912875981      5.814083105097
    8      3.305115540926     -3.974291265569      5.720513964592
    1      3.884287088432     -4.577175675482      6.271499436226
    1     -1.920473463132     17.544495141881      6.469983628302
    8     -2.321282762235     18.290236919793      5.984608749809
    1     -3.163161512941     17.924477157767      5.610902815080
    8     -1.349844033063      1.569313843955      6.576098765485
    1     -1.482488943145      1.249524090159      5.625649184695
    1     -1.171899772091      0.772302437468      7.098904912130
    1     -0.240590288535      4.199831437538      5.664798464831
    8     -0.390115716685      4.265259364081      6.661684566308
    1     -0.611116083809      3.342306115847      6.918601427962
    8      1.748368976827     11.921910407084      5.871151586711
    1      2.592923920454     11.743474774770      6.357031857363
    1      1.060887752170     11.357945593730      6.257875526802
    8     -9.757096100431     18.108657659320      7.335637490703
    1    -10.397041549149     17.410611979232      7.029953308783
    1     -9.017249230215     17.642269530637      7.749560725352
    8     -0.218120909519     16.388471271885      6.226933891796
    1     -2.698643415564     14.695370474879      6.013530279623
    8     -3.522457242021     15.216647828269      5.966440742115
    1     -4.219183704186     14.778571161563      6.506259685911
    8      0.680204586849     15.370797628879      5.577726238712
    0    0
