   2   1   1 E -1.7735438103095E+04 DE-1.8E-06(  5)
  0.113050741183E+02 -0.678910681675E-02  0.000000000000E+00
 -0.565853871424E+01  0.982039930835E+01  0.000000000000E+00
  0.000000000000E+00  0.000000000000E+00  0.500000000000E+03
    1
  0.100000000000E+01  0.000000000000E+00  0.000000000000E+00
  0.000000000000E+00  0.100000000000E+01  0.000000000000E+00
  0.000000000000E+00  0.000000000000E+00  0.100000000000E+01
  0.000000000000E+00  0.000000000000E+00  0.000000000000E+00
  113
    8     -1.800923860272      1.084295148848      4.061170212428
    8     -3.742323305853      4.264555017690      3.828418591429
    8      0.051861638493     -2.002372136771      4.042066383380
    8      1.854586906224      1.104452526427      4.063652632326
    8     -0.116123031715      4.226371304944      4.079792190243
    8     -5.700668860502      1.085193272051      4.022867674765
    8     -7.435646838880      4.254162927089      4.087937964615
    8     -3.864170294767     -2.018860826150      4.054939202232
  258      1.829509172579     -0.999178127627      3.181477820115
  258      0.011428982121      2.171490091266      3.145043214093
  258      3.753607640130     -4.530800422466      3.180847154220
  258      5.724958647939     -1.038804265104      3.158087761994
  258      3.768675601088      2.220308859298      3.170122252545
  258      7.522519185786     -4.351807532214      3.370758957200
  258     -1.875167101142     -1.071182652624      3.267997244968
  258     -3.780499780670      2.160271534100      3.264675211109
  258      0.016644003884     -4.383340520632      3.355266243599
    8      0.007788999590      0.028506851543      2.347248379878
    8     -1.868398517194      3.198114094476      2.342898625816
    8      2.051085028677     -3.161036667817      2.572708898523
    8      3.744991845586     -0.070608066311      2.404553110166
    8      1.884912242583      3.256447222107      2.388848302634
    8      5.453641249678     -3.204543948685      2.556748859350
    8     -3.742436602252      0.052498668811      2.395230591482
    8     -5.667358651881      3.247128964639      2.381404478542
    8     -1.838887244219     -3.234998935428      2.527174413874
    8      1.862395036702     -1.094468782003      0.834471321017
    8      0.012490157981      2.184957630568      0.798472565754
    8      3.756426226409     -4.407737833955      0.838526715641
    8      5.685130724240     -1.090112402692      0.848062962627
    8      3.764344786221      2.157958791312      0.843643231534
    8      7.498881976621     -4.312079313860      0.892895993457
    8     -1.888774231199     -1.097137589448      0.860496399544
    8     -3.777423678442      2.186087499221      0.813840583356
    8      0.059707331949     -4.322112375564      0.930445634999
  258     -0.002124155899     -0.004298525551      0.003073716149
  258     -1.893732297398      3.262370995934      0.003282035258
  258      1.886394619858     -3.272110605085      0.055872506155
  258      3.766704385089     -0.001807332694      0.017805650898
  258      1.882897352317      3.295244058106      0.043753176748
  258      5.657384197636     -3.276873963409      0.050923823360
  258     -3.759714467810      0.008314142858      0.014493273190
  258     -5.643239060014      3.285877086920      0.053671199032
  258     -1.882188568979     -3.262110265901      0.097061004452
    8     -1.883696412699      1.083299907321     -0.794363107200
    8     -3.783817602334      4.380980864211     -0.784108388197
    8     -0.002589229307     -2.193695050939     -0.772246016074
    8      1.893033521279      1.089021436470     -0.785842596933
    8      0.003920235442      4.378648102436     -0.780498757944
    8      3.771610333621     -2.186388761808     -0.760603724384
    8     -5.659446884572      1.093133783813     -0.781573358584
    8     -7.530885701001      4.393928254476     -0.733579427556
    8     -3.762132483114     -2.179610227893     -0.775531620912
    8      0.000000000000      0.000000000000     -2.343480358560
    8     -1.886179571414      3.273466436128     -2.343480358560
    8      1.886179571418     -3.273466436123     -2.343480358560
    8      3.768358039383     -0.002263035609     -2.343480358560
    8      1.882178467962      3.271203400518     -2.343480358560
    8      5.654537610812     -3.275729471729     -2.343480358560
    8     -3.768358039383      0.002263035599     -2.343480358560
    8     -5.654537610812      3.275729471729     -2.343480358560
    8     -1.882178467969     -3.271203400514     -2.343480358560
  258     -1.884845870266      1.091909823908     -3.124640478080
  258     -3.771025441674      4.365376260041     -3.124640478080
  258      0.001333701154     -2.181556612212     -3.124640478080
  258      1.883512169112      1.089646788305     -3.124640478080
  258     -0.002667402301      4.363113224429     -3.124640478080
  258      3.769691740533     -2.183819647821     -3.124640478080
  258     -5.653203909687      1.094172859504     -3.124640478080
  258     -7.539383481061      4.367639295651     -3.124640478080
  258     -3.767024338234     -2.179293576607     -3.124640478080
    8      1.884845870266     -1.091909823908     -3.905800597599
    8     -0.001333701154      2.181556612212     -3.905800597599
    8      3.771025441674     -4.365376260041     -3.905800597599
    8      5.653203909687     -1.094172859504     -3.905800597599
    8      3.767024338238      2.179293576608     -3.905800597599
    8      7.539383481061     -4.367639295651     -3.905800597599
    8     -1.883512169112     -1.089646788305     -3.905800597599
    8     -3.769691740535      2.183819647821     -3.905800597599
    8      0.002667402300     -4.363113224429     -3.905800597599
    1      5.756179308965      7.418161175902      5.521760979862
    8      2.251581147667      1.496745595607      6.696919403944
    1      1.993791192404      1.367294311136      5.745442847820
    1      1.911047188263      0.683023807990      7.131172640894
    8      3.795526104250     -1.574591032653      4.847232175854
    1      4.028572828532     -0.850103560467      5.553366942643
    1      3.624878463013     -2.438681800668      5.353526756603
    8     -6.664283748577      0.339337004195      6.355545028571
    1     -6.248794652467      0.760934573262      5.549906501378
    1      3.823933929415      0.871075297173      6.584383781117
    1      2.235200419182     -4.094840322788      5.757916547011
    8      3.276274468566     -3.930268258840      5.662991424604
    1      3.812839133305     -4.512539226991      6.261893561889
    1     -1.665446478258     17.396235326184      6.321425613743
    8     -2.166185105083     18.157675482896      5.959037311216
    1     -3.050347161665     17.808294935073      5.696448042118
    8     -1.393440722396      1.457522353319      6.612342389478
    1     -1.499668665112      1.206897240328      5.639621692856
    1     -1.348778123436      0.606813519282      7.079689250942
    1     -0.299731831294      4.158603422341      5.677753196750
    8     -0.430665418006      4.233434264617      6.672443415538
    1     -0.628341260742      3.317753886740      6.960866385349
    8      1.766604119479     11.974395530145      5.864700547714
    1      2.595968471267     11.742897940478      6.356131950111
    1      1.021480188843     11.541853398095      6.310326150157
    8     -9.451650187396     18.446554304718      7.406668719640
    1    -10.024725431508     17.682304650703      7.134405082741
    1     -8.796305715349     18.099508253218      8.028178650019
    8      0.151486265486     16.638551084217      6.343271268577
    1     -2.774877714558     14.478073259439      5.956225092549
    8     -3.542613847844     15.082379197173      5.967487357784
    1     -4.270320410418     14.662337461238      6.483486518854
    8      0.742944392998     15.456145678376      5.633677444688
    0    0
