   2   1   1 E -1.7735438268277E+04 DE-1.3E-06(  5)
  0.113046398180E+02 -0.706210992558E-02  0.000000000000E+00
 -0.565855860515E+01  0.982015622681E+01  0.000000000000E+00
  0.000000000000E+00  0.000000000000E+00  0.500000000000E+03
    1
  0.100000000000E+01  0.000000000000E+00  0.000000000000E+00
  0.000000000000E+00  0.100000000000E+01  0.000000000000E+00
  0.000000000000E+00  0.000000000000E+00  0.100000000000E+01
  0.000000000000E+00  0.000000000000E+00  0.000000000000E+00
  113
    8     -1.801958482479      1.084132894750      4.060717210016
    8     -3.740656280778      4.263187149401      3.827292588928
    8      0.050781344349     -2.002755210360      4.044460409483
    8      1.853884603154      1.103994019460      4.064152164657
    8     -0.115692095126      4.226087481300      4.080592692357
    8     -5.699487665483      1.083100438455      4.025281898050
    8     -7.436824087659      4.252918935029      4.086419743525
    8     -3.862913030987     -2.019883373735      4.056732583561
  258      1.827562141457     -1.000080909935      3.183114404508
  258      0.011687410967      2.172217226911      3.144241055494
  258      3.753346869735     -4.530666535215      3.180438684723
  258      5.724942703227     -1.039128521763      3.158289940069
  258      3.768197867548      2.218939868324      3.170035104913
  258      7.522531848730     -4.352320696569      3.371441990938
  258     -1.874451551677     -1.071651232180      3.266982013076
  258     -3.779040922917      2.158979488013      3.265758213859
  258      0.017775891380     -4.383966556982      3.354032445832
    8      0.007770539985      0.027270324883      2.347794861950
    8     -1.867243206966      3.198398194460      2.342154987979
    8      2.048391922626     -3.161311735749      2.572964266562
    8      3.744145160940     -0.070978740823      2.406593817028
    8      1.883898864702      3.256358895802      2.388462799148
    8      5.456205049508     -3.206550971633      2.556943277836
    8     -3.742456537330      0.052380365179      2.395586760280
    8     -5.667008571023      3.246121609097      2.383022392015
    8     -1.838214632366     -3.235286060303      2.527015021113
    8      1.862589384096     -1.095067771108      0.835021614922
    8      0.013174232027      2.183862998374      0.798432289063
    8      3.756402469330     -4.406274420141      0.839693660545
    8      5.684278819868     -1.089899235152      0.848987055955
    8      3.763595034412      2.157586892549      0.844481735729
    8      7.499675288346     -4.312825414216      0.892674998987
    8     -1.889085036120     -1.097035835428      0.861598160215
    8     -3.776788317425      2.186307445759      0.813521828916
    8      0.059621741465     -4.323307940432      0.929907231461
  258     -0.002462382906     -0.004513663742      0.003429442239
  258     -1.894108079157      3.262296577905      0.003153539262
  258      1.886538586453     -3.271615352790      0.055561356413
  258      3.766298647728     -0.002923641260      0.018571098592
  258      1.883176645039      3.294069389492      0.041655155948
  258      5.657455631024     -3.277217560428      0.051710104036
  258     -3.759751267166      0.008162719274      0.013644496618
  258     -5.643150820641      3.285683438529      0.054554068147
  258     -1.882816455849     -3.262750336202      0.096780155475
    8     -1.883344260946      1.083169070224     -0.794551209947
    8     -3.783503459496      4.381087479334     -0.783820814679
    8     -0.002687448197     -2.194090462576     -0.773120416365
    8      1.893223790224      1.087896769516     -0.785506285497
    8      0.003452944379      4.378332758819     -0.780064498685
    8      3.771584358613     -2.186433406339     -0.761315839781
    8     -5.658871391082      1.093316873971     -0.781897990964
    8     -7.529874397806      4.393144920219     -0.733674517901
    8     -3.761571552184     -2.179263277231     -0.774972915856
    8      0.000000000000      0.000000000000     -2.343480358560
    8     -1.886186201717      3.273385408946     -2.343480358560
    8      1.886186201721     -3.273385408941     -2.343480358560
    8      3.768213272606     -0.002354036645     -2.343480358560
    8      1.882027070883      3.271031372300     -2.343480358560
    8      5.654399474337     -3.275739445584     -2.343480358560
    8     -3.768213272606      0.002354036635     -2.343480358560
    8     -5.654399474337      3.275739445584     -2.343480358560
    8     -1.882027070890     -3.271031372296     -2.343480358560
  258     -1.884799824774      1.091913148526     -3.124640478080
  258     -3.770986026485      4.365298557478     -3.124640478080
  258      0.001386376948     -2.181472260413     -3.124640478080
  258      1.883413447827      1.089559111887     -3.124640478080
  258     -0.002772753888      4.362944520830     -3.124640478080
  258      3.769599649551     -2.183826297058     -3.124640478080
  258     -5.653013097419      1.094267185159     -3.124640478080
  258     -7.539199299095      4.367652594125     -3.124640478080
  258     -3.766826895663     -2.179118223771     -3.124640478080
    8      1.884799824774     -1.091913148526     -3.905800597599
    8     -0.001386376948      2.181472260413     -3.905800597599
    8      3.770986026485     -4.365298557478     -3.905800597599
    8      5.653013097419     -1.094267185159     -3.905800597599
    8      3.766826895667      2.179118223772     -3.905800597599
    8      7.539199299095     -4.367652594125     -3.905800597599
    8     -1.883413447827     -1.089559111887     -3.905800597599
    8     -3.769599649553      2.183826297058     -3.905800597599
    8      0.002772753887     -4.362944520830     -3.905800597599
    1      5.746185267034      7.410176403450      5.522525641603
    8      2.246023904524      1.500065973104      6.694880866883
    1      1.989378792854      1.367384270789      5.743656672675
    1      1.900869665409      0.690222585886      7.131767725250
    8      3.795461580361     -1.580190767182      4.843180830359
    1      4.024569304959     -0.853357863711      5.549153962579
    1      3.624236404812     -2.444713062610      5.349592103835
    8     -6.675926617374      0.334501922455      6.351428707567
    1     -6.252889638657      0.757892651730      5.550594022707
    1      3.814866391735      0.869693922478      6.582497854736
    1      2.232267238147     -4.100861998896      5.759145426953
    8      3.271536459162     -3.932119245828      5.662935416028
    1      3.814505241749     -4.522599425504      6.250080892310
    1     -1.684470721762     17.386521472034      6.320150004122
    8     -2.170917885007     18.159646405286      5.965192237765
    1     -3.057037314618     17.824467872550      5.690735183471
    8     -1.397156306125      1.451176915577      6.613144874932
    1     -1.501369798734      1.207018113129      5.638689649537
    1     -1.363198298038      0.595929484094      7.073094471321
    1     -0.302164112174      4.157153262845      5.678956896005
    8     -0.448024279313      4.235221349441      6.671808256464
    1     -0.647052000079      3.320193860285      6.961326422472
    8      1.768377554362     11.976061929965      5.864277667634
    1      2.596678974517     11.742023694464      6.356702989757
    1      1.021014294028     11.551826470087      6.312450025204
    8     -9.464274492747     18.444836919859      7.391638895342
    1    -10.040666655828     17.679309464336      7.130640280669
    1     -8.758973815348     18.085029095486      7.948390681945
    8      0.137560163184     16.624814580755      6.340454284753
    1     -2.773100831526     14.477309815230      5.956291775339
    8     -3.544521657798     15.076747180555      5.966504458623
    1     -4.267137918299     14.658541052883      6.488835152849
    8      0.736994289017     15.447845899400      5.630392068356
    0    0
