   2   1   1 E -1.7735437643868E+04 DE-3.9E-06(  6)
  0.113055126696E+02 -0.784387447504E-02  0.000000000000E+00
 -0.565967538424E+01  0.981896714944E+01  0.000000000000E+00
  0.000000000000E+00  0.000000000000E+00  0.500000000000E+03
    1
  0.100000000000E+01  0.000000000000E+00  0.000000000000E+00
  0.000000000000E+00  0.100000000000E+01  0.000000000000E+00
  0.000000000000E+00  0.000000000000E+00  0.100000000000E+01
  0.000000000000E+00  0.000000000000E+00  0.000000000000E+00
  113
    8     -1.803496965211      1.085517798535      4.064404094211
    8     -3.734729655163      4.265396797831      3.832496874433
    8      0.048356765422     -1.999601144795      4.040279904623
    8      1.856140200550      1.108488277372      4.070998199415
    8     -0.111059587727      4.232331680624      4.082475721915
    8     -5.701469739614      1.078524753827      4.031817506905
    8     -7.440565383741      4.254006968883      4.085579378556
    8     -3.866377871446     -2.020317470238      4.055959084740
  258      1.825349264434     -1.000486911558      3.187328778024
  258      0.015735839757      2.175825549161      3.148580367739
  258      3.756869411036     -4.525579172794      3.176021980004
  258      5.724869196146     -1.039145125843      3.154162157791
  258      3.767983184949      2.215707789544      3.170849529749
  258      7.527397844615     -4.346453808716      3.367880597629
  258     -1.871327678521     -1.066751794687      3.262530283495
  258     -3.777957448530      2.160435123680      3.267853682390
  258      0.019460435797     -4.385816574553      3.359057914249
    8      0.009653045156      0.034216060328      2.349958939792
    8     -1.865710897778      3.199939057031      2.343706503636
    8      2.051904363191     -3.161573193625      2.570804586552
    8      3.746263743521     -0.069861032344      2.405197102651
    8      1.883970777756      3.257297963780      2.390195364899
    8      5.462630150224     -3.207430436383      2.550359561866
    8     -3.743581890492      0.053201070264      2.394950906621
    8     -5.664413591791      3.242160227114      2.386863635932
    8     -1.840569723969     -3.231952220062      2.520405164729
    8      1.860947194057     -1.093367231744      0.836446498646
    8      0.013417092255      2.185842767047      0.802723860005
    8      3.760150219688     -4.405739048413      0.837280231789
    8      5.684733600874     -1.089793415018      0.844846621968
    8      3.763364188633      2.157467405246      0.844094673394
    8      7.501174961655     -4.314520876679      0.888198740253
    8     -1.885591143509     -1.091615477251      0.862571642195
    8     -3.775119533869      2.185659847210      0.813153132970
    8      0.061875591804     -4.323187100311      0.934455408418
  258     -0.001791813857     -0.001905663021      0.003968724066
  258     -1.893817062685      3.262364657831      0.002603862141
  258      1.885454604585     -3.270521100004      0.058537929388
  258      3.765913191326     -0.002288737319      0.019376014154
  258      1.883466892456      3.294520276896      0.042272449720
  258      5.658957750416     -3.276723619984      0.048110904693
  258     -3.760350035992      0.009180029243      0.012425206825
  258     -5.642643843296      3.285238373377      0.056187032915
  258     -1.880768997632     -3.261499465959      0.099731467456
    8     -1.881297939631      1.083625012736     -0.795125986203
    8     -3.784987320811      4.381652269314     -0.780698802050
    8     -0.003101877744     -2.194763942343     -0.771615827972
    8      1.892807093241      1.088838422198     -0.785782108851
    8      0.002795836680      4.375207933215     -0.781943650293
    8      3.770500485077     -2.185734781303     -0.761084048377
    8     -5.659944325322      1.094037015859     -0.781297172399
    8     -7.528032200371      4.393528999060     -0.732786194294
    8     -3.758859387679     -2.176555655326     -0.774736914368
    8      0.000000000000      0.000000000000     -2.343480358560
    8     -1.886558461414      3.272989049824     -2.343480358560
    8      1.886558461418     -3.272989049819     -2.343480358560
    8      3.768504223133     -0.002614624828     -2.343480358560
    8      1.881945761713      3.270374424995     -2.343480358560
    8      5.655062684561     -3.275603674645     -2.343480358560
    8     -3.768504223133      0.002614624818     -2.343480358560
    8     -5.655062684561      3.275603674645     -2.343480358560
    8     -1.881945761720     -3.270374424991     -2.343480358560
  258     -1.885020894849      1.091867891547     -3.124640478080
  258     -3.771579356257      4.364856941376     -3.124640478080
  258      0.001537566570     -2.181121158270     -3.124640478080
  258      1.883483328279      1.089253266725     -3.124640478080
  258     -0.003075133133      4.362242316545     -3.124640478080
  258      3.770041789700     -2.183735783098     -3.124640478080
  258     -5.653525118021      1.094482516362     -3.124640478080
  258     -7.540083579394      4.367471566206     -3.124640478080
  258     -3.766966656568     -2.178506533445     -3.124640478080
    8      1.885020894849     -1.091867891547     -3.905800597599
    8     -0.001537566570      2.181121158270     -3.905800597599
    8      3.771579356257     -4.364856941376     -3.905800597599
    8      5.653525118021     -1.094482516362     -3.905800597599
    8      3.766966656572      2.178506533446     -3.905800597599
    8      7.540083579394     -4.367471566206     -3.905800597599
    8     -1.883483328279     -1.089253266725     -3.905800597599
    8     -3.770041789702      2.183735783098     -3.905800597599
    8      0.003075133132     -4.362242316545     -3.905800597599
    1      5.688140805065      7.390076750244      5.545077824762
    8      2.217905593846      1.395559208406      6.732496094417
    1      1.970232529759      1.305193273972      5.774617022988
    1      1.897587647296      0.554835460593      7.132369098150
    8      3.791422905156     -1.601821573786      4.830899073196
    1      4.033538351402     -0.862465236244      5.526895457848
    1      3.636006350970     -2.458061748461      5.350282735290
    8     -6.688771413534      0.300737552091      6.339203127387
    1     -6.270429810760      0.749878453709      5.547051967912
    1      3.794891836464      0.817580607742      6.590297864651
    1      2.274895641244     -4.122370683911      5.786778648499
    8      3.299761772398     -3.954282331921      5.682261872121
    1      3.864864136746     -4.543707462248      6.256871819891
    1     -1.765331071033     17.377996101721      6.325181662951
    8     -2.208412318207     18.175260139105      5.965752379681
    1     -3.090309937013     17.867529128192      5.642114729714
    8     -1.378724476978      1.511042905230      6.604263357065
    1     -1.495394645219      1.225739534886      5.641291017788
    1     -1.290895108636      0.683323427630      7.104577098767
    1     -0.266752229748      4.177870494225      5.670576010066
    8     -0.403423510746      4.262280850515      6.667846892196
    1     -0.617702170530      3.348116014315      6.955198324547
    8      1.760760195663     11.956791644285      5.873272042973
    1      2.601514032153     11.758783601018      6.360450040689
    1      1.048215105240     11.446809748826      6.294003303327
    8     -9.470564517053     18.333172790722      7.395492010555
    1    -10.089594517233     17.601007982725      7.140135943125
    1     -8.733928847101     17.926876138789      7.881357317172
    8      0.053181784584     16.579597980139      6.333714024618
    1     -2.738137192319     14.466528888724      5.927904782993
    8     -3.504526613784     15.074979257609      5.959566996354
    1     -4.229540145463     14.661886281270      6.483386599359
    8      0.732355864274     15.439080673455      5.617480308562
    0    0
