   2   1   1 E -1.7735438064679E+04 DE-2.0E-06(  3)
  0.113050761480E+02 -0.679774462952E-02  0.000000000000E+00
 -0.565854732887E+01  0.982024045117E+01  0.000000000000E+00
  0.000000000000E+00  0.000000000000E+00  0.500000000000E+03
    1
  0.100000000000E+01  0.000000000000E+00  0.000000000000E+00
  0.000000000000E+00  0.100000000000E+01  0.000000000000E+00
  0.000000000000E+00  0.000000000000E+00  0.100000000000E+01
  0.000000000000E+00  0.000000000000E+00  0.000000000000E+00
  113
    8     -1.800681654307      1.084561737049      4.060485758348
    8     -3.742361858865      4.264469485430      3.829157619456
    8      0.051535678160     -2.002869963125      4.041099353810
    8      1.854761081075      1.104111132671      4.063501965560
    8     -0.116372060558      4.226165567429      4.080669424935
    8     -5.701373575269      1.085557921898      4.022697786311
    8     -7.435278245431      4.254000735084      4.087046043273
    8     -3.864605741003     -2.019232630036      4.055318358056
  258      1.829400341438     -0.999274302484      3.181416024014
  258      0.011337792961      2.170928270331      3.144626891682
  258      3.753831048436     -4.530796484773      3.180470163638
  258      5.724996041728     -1.038791095411      3.158483328410
  258      3.768853616166      2.220017537202      3.170007907641
  258      7.522269469096     -4.352083966077      3.371284738094
  258     -1.875375488321     -1.071061072800      3.267458559865
  258     -3.780673154584      2.160606548927      3.265012887400
  258      0.016975867299     -4.382758455124      3.354881156894
    8      0.007791195793      0.028462962414      2.347196850173
    8     -1.868591956664      3.198541209160      2.342758545946
    8      2.050936209236     -3.161166099865      2.572946000963
    8      3.745018855117     -0.070865377473      2.404182255804
    8      1.884738988744      3.256425427341      2.389330927760
    8      5.453801847267     -3.204381647847      2.556468470181
    8     -3.742979314844      0.052333253848      2.395720641938
    8     -5.666697992477      3.246777434295      2.381001026946
    8     -1.839451352124     -3.234563555700      2.526941590107
    8      1.862181976949     -1.094523114607      0.834301154121
    8      0.012441176705      2.184914675392      0.798612078775
    8      3.756365522974     -4.407476911749      0.838363407219
    8      5.685184238818     -1.090172657042      0.848055867266
    8      3.764228882766      2.158014996116      0.843934867958
    8      7.498654252134     -4.312146951391      0.892869597031
    8     -1.888824557820     -1.096751165317      0.860336601629
    8     -3.776961567518      2.185753238000      0.813639654281
    8      0.059609956310     -4.322242030433      0.930693644815
  258     -0.001999773604     -0.004304042886      0.002657078969
  258     -1.893616584686      3.262126955122      0.003058037742
  258      1.886268878190     -3.272023329065      0.055411175836
  258      3.766568396134     -0.001906772242      0.017654286134
  258      1.882955983615      3.295461348753      0.044255165327
  258      5.657297187713     -3.276650309471      0.050755221722
  258     -3.759875273709      0.008389473530      0.014628078382
  258     -5.643041770415      3.285734627306      0.053280796451
  258     -1.882486936969     -3.262187754455      0.097547695530
    8     -1.883452095845      1.083260379080     -0.794484069275
    8     -3.784026152491      4.380879697582     -0.784135163591
    8     -0.002779474170     -2.194048898106     -0.772298675361
    8      1.893174494869      1.089109964182     -0.785779106094
    8      0.003795794482      4.378483791017     -0.780613434383
    8      3.771460293954     -2.186349180354     -0.760764508612
    8     -5.659571045374      1.093030965082     -0.781578577355
    8     -7.530685848129      4.393829112982     -0.733705934578
    8     -3.762098939008     -2.179576918062     -0.775539107539
    8      0.000000000000      0.000000000000     -2.343480358560
    8     -1.886182442958      3.273413483734     -2.343480358560
    8      1.886182442962     -3.273413483729     -2.343480358560
    8      3.768358715936     -0.002265914880     -2.343480358560
    8      1.882176272973      3.271147568854     -2.343480358560
    8      5.654541158908     -3.275679398607     -2.343480358560
    8     -3.768358715936      0.002265914870     -2.343480358560
    8     -5.654541158908      3.275679398607     -2.343480358560
    8     -1.882176272980     -3.271147568850     -2.343480358560
  258     -1.884847052965      1.091893132867     -3.124640478080
  258     -3.771029495916      4.365306616606     -3.124640478080
  258      0.001335389998     -2.181520350860     -3.124640478080
  258      1.883511662967      1.089627217994     -3.124640478080
  258     -0.002670779989      4.363040701724     -3.124640478080
  258      3.769694105931     -2.183786265740     -3.124640478080
  258     -5.653205768940      1.094159047734     -3.124640478080
  258     -7.539388211857      4.367572531488     -3.124640478080
  258     -3.767023325943     -2.179254435983     -3.124640478080
    8      1.884847052965     -1.091893132867     -3.905800597599
    8     -0.001335389998      2.181520350860     -3.905800597599
    8      3.771029495916     -4.365306616606     -3.905800597599
    8      5.653205768940     -1.094159047734     -3.905800597599
    8      3.767023325947      2.179254435984     -3.905800597599
    8      7.539388211857     -4.367572531488     -3.905800597599
    8     -1.883511662967     -1.089627217994     -3.905800597599
    8     -3.769694105933      2.183786265740     -3.905800597599
    8      0.002670779988     -4.363040701724     -3.905800597599
    1      5.755498394378      7.417996008278      5.521859529385
    8      2.251667949905      1.498213139695      6.695931032346
    1      1.993970007546      1.367300962775      5.744669622695
    1      1.910248766126      0.685744439170      7.131603934691
    8      3.795416233840     -1.575280959269      4.847501430439
    1      4.027949512483     -0.851303478250      5.553938603922
    1      3.625607238791     -2.440005819291      5.353140226712
    8     -6.665117981729      0.339036934078      6.356455627161
    1     -6.248561258877      0.759850376133      5.550982951496
    1      3.823380435777      0.871562442636      6.584067700445
    1      2.235291872220     -4.094656769889      5.758246447138
    8      3.276239993634     -3.930252144522      5.663434108877
    1      3.813281995504     -4.514527093983      6.260242501354
    1     -1.665819465676     17.397678158715      6.322361082153
    8     -2.166649217398     18.158519493100      5.958483683981
    1     -3.050350021325     17.808524695953      5.695608005467
    8     -1.393879796705      1.456630143433      6.611919040501
    1     -1.500277760043      1.207456380427      5.638799503113
    1     -1.350832000940      0.605082908485      7.077452949241
    1     -0.300500148901      4.158373315515      5.678012611663
    8     -0.432793105809      4.234033422565      6.672667694552
    1     -0.630364912545      3.318520540871      6.961543896235
    8      1.767189271184     11.972630442878      5.864056106904
    1      2.595769810894     11.740641949652      6.356565302465
    1      1.019676428032     11.548865035761      6.312846003835
    8     -9.453594315614     18.447732745204      7.406688858720
    1    -10.025681758153     17.682996022516      7.133871860609
    1     -8.787030268384     18.097295226101      8.014356548539
    8      0.150746181489     16.638574437973      6.343148530219
    1     -2.774706213058     14.476931232171      5.956184383161
    8     -3.542660270600     15.081056764829      5.968132914951
    1     -4.270226113791     14.659602252936      6.483102605308
    8      0.742562868788     15.456132783761      5.633746535169
    0    0
