   2   1   1 E -1.7735437579562E+04 DE-1.2E-06(  5)
  0.113062665146E+02 -0.675069882925E-02  0.000000000000E+00
 -0.565910410627E+01  0.981785199808E+01  0.000000000000E+00
  0.000000000000E+00  0.000000000000E+00  0.500000000000E+03
    1
  0.100000000000E+01  0.000000000000E+00  0.000000000000E+00
  0.000000000000E+00  0.100000000000E+01  0.000000000000E+00
  0.000000000000E+00  0.000000000000E+00  0.100000000000E+01
  0.000000000000E+00  0.000000000000E+00  0.000000000000E+00
  113
    8     -1.803349620173      1.084404545387      4.063389210206
    8     -3.733400450025      4.266025937369      3.835311783970
    8      0.046276481931     -2.008282014439      4.031687398219
    8      1.854665160790      1.104364546954      4.072975078920
    8     -0.111095704022      4.234385695210      4.083287731015
    8     -5.702939287253      1.081308032690      4.032557736294
    8     -7.441944844156      4.255120397586      4.087938417661
    8     -3.869699641868     -2.016622995493      4.054258846961
  258      1.826019077696     -1.000333454494      3.184740129903
  258      0.015225343702      2.174953959497      3.150333868327
  258      3.755894625102     -4.523254586768      3.175043874382
  258      5.724223851606     -1.036003770832      3.151466341857
  258      3.768537177176      2.218242249538      3.169265912717
  258      7.525965903941     -4.345199977276      3.366423221714
  258     -1.874465365566     -1.066868507989      3.260437715024
  258     -3.779608834766      2.163220509502      3.269515016077
  258      0.016780670131     -4.380779163492      3.366602308196
    8      0.009667640225      0.033100000360      2.350446385633
    8     -1.866526906730      3.199814715365      2.344233581081
    8      2.051669727685     -3.161931206930      2.571297268412
    8      3.743707285527     -0.067676769775      2.404435764463
    8      1.883499931892      3.255496963460      2.393329399337
    8      5.462402557301     -3.204415081867      2.547941494786
    8     -3.744980857908      0.055488151280      2.393735837072
    8     -5.663078425467      3.243717154053      2.386483663206
    8     -1.844833715459     -3.231650349802      2.518784507655
    8      1.860625742558     -1.094460949472      0.836248090576
    8      0.013182970362      2.186153192167      0.802201769469
    8      3.759193745762     -4.404984352304      0.837114500312
    8      5.683283569175     -1.087192096073      0.844425749967
    8      3.764860619393      2.159580157096      0.844147820913
    8      7.499961915598     -4.315853030090      0.887736503114
    8     -1.886831789154     -1.091228547226      0.862869476443
    8     -3.775536895893      2.186076266856      0.810464722414
    8      0.059709920146     -4.320848559731      0.931432107692
  258     -0.002650217943     -0.002144761452      0.004570849752
  258     -1.894311916969      3.261903676344      0.003164856903
  258      1.884199867621     -3.270139760609      0.057367930791
  258      3.766290079927     -0.001173146139      0.017191041868
  258      1.882909301200      3.294690434077      0.041060276752
  258      5.657922579646     -3.276100679558      0.048396872193
  258     -3.761240939721      0.009830530529      0.011273396843
  258     -5.643211117960      3.286382122826      0.057703241784
  258     -1.881549194260     -3.261408302544      0.099209494754
    8     -1.881514718254      1.082817646715     -0.795390784049
    8     -3.784614200609      4.381692684376     -0.781785182437
    8     -0.004153052123     -2.192731908151     -0.772285698382
    8      1.892992356962      1.088967421598     -0.784929655516
    8      0.002386790420      4.375502476704     -0.782398985407
    8      3.770629090698     -2.185120887264     -0.762091707416
    8     -5.661064967022      1.093707538347     -0.781948371246
    8     -7.529776750447      4.392591110440     -0.734362478967
    8     -3.760450653968     -2.176800322710     -0.774124080669
    8      0.000000000000      0.000000000000     -2.343480358560
    8     -1.886368035422      3.272617332705     -2.343480358560
    8      1.886368035426     -3.272617332700     -2.343480358560
    8      3.768755504816     -0.002250232946     -2.343480358560
    8      1.882387469388      3.270367099757     -2.343480358560
    8      5.655123540253     -3.274867565644     -2.343480358560
    8     -3.768755504816      0.002250232936     -2.343480358560
    8     -5.655123540253      3.274867565644     -2.343480358560
    8     -1.882387469395     -3.270367099753     -2.343480358560
  258     -1.885041180079      1.091622521880     -3.124640478080
  258     -3.771409215496      4.364239854589     -3.124640478080
  258      0.001326855348     -2.180994810818     -3.124640478080
  258      1.883714324732      1.089372288939     -3.124640478080
  258     -0.002653710689      4.361989621640     -3.124640478080
  258      3.770082360161     -2.183245043764     -3.124640478080
  258     -5.653796684934      1.093872754813     -3.124640478080
  258     -7.540164720316      4.366490087538     -3.124640478080
  258     -3.767428649473     -2.178744577875     -3.124640478080
    8      1.885041180079     -1.091622521880     -3.905800597599
    8     -0.001326855348      2.180994810818     -3.905800597599
    8      3.771409215496     -4.364239854589     -3.905800597599
    8      5.653796684934     -1.093872754813     -3.905800597599
    8      3.767428649477      2.178744577876     -3.905800597599
    8      7.540164720316     -4.366490087538     -3.905800597599
    8     -1.883714324732     -1.089372288939     -3.905800597599
    8     -3.770082360163      2.183245043764     -3.905800597599
    8      0.002653710688     -4.361989621640     -3.905800597599
    1      5.674545268918      7.389505571400      5.541347684412
    8      2.215975324493      1.363493844483      6.740050817822
    1      1.970042831112      1.285392787067      5.780031451497
    1      1.899124990633      0.515302015437      7.129025649403
    8      3.795900338595     -1.583649832554      4.832092218451
    1      4.051069104659     -0.850980423015      5.530108912921
    1      3.637589881862     -2.441940878181      5.346450939083
    8     -6.679404726612      0.303952723059      6.346833792084
    1     -6.270371511734      0.757762000011      5.553924769724
    1      3.802779812380      0.815770862430      6.606743119274
    1      2.274598221051     -4.099323110240      5.781683009874
    8      3.298147933172     -3.934374668399      5.674165502433
    1      3.858680800678     -4.526934724968      6.248599421190
    1     -1.775138563215     17.390371128832      6.327454801384
    8     -2.217969386997     18.183268598410      5.964953319406
    1     -3.099456248612     17.873630906901      5.643777120412
    8     -1.380707483370      1.523296240747      6.603054618861
    1     -1.497756000747      1.231958662878      5.641907832968
    1     -1.290014740710      0.697469179272      7.108442746289
    1     -0.272153902701      4.187906064603      5.676210714308
    8     -0.417503063120      4.279012892316      6.668608697781
    1     -0.636984763288      3.368169803218      6.953360664199
    8      1.755393296939     11.962133483091      5.870172509522
    1      2.596022332267     11.767772778531      6.358286668683
    1      1.047034594536     11.443631496272      6.284418792099
    8     -9.474073309082     18.302813102994      7.390382476791
    1    -10.099838168538     17.574520206851      7.135958901970
    1     -8.736755125417     17.888776231865      7.858223281821
    8      0.049725326421     16.581486833712      6.340729791434
    1     -2.752692088027     14.477249754282      5.932489050027
    8     -3.517501965362     15.086515867931      5.958755621200
    1     -4.239333951727     14.680918481654      6.492203407746
    8      0.742758964000     15.453703575619      5.625775685698
    0    0
