   2   1   1 E -1.7735437897474E+04 DE-9.3E-07(  5)
  0.113063218885E+02 -0.741568659215E-02  0.000000000000E+00
 -0.565970817984E+01  0.981955942111E+01  0.000000000000E+00
  0.000000000000E+00  0.000000000000E+00  0.500000000000E+03
    1
  0.100000000000E+01  0.000000000000E+00  0.000000000000E+00
  0.000000000000E+00  0.100000000000E+01  0.000000000000E+00
  0.000000000000E+00  0.000000000000E+00  0.100000000000E+01
  0.000000000000E+00  0.000000000000E+00  0.000000000000E+00
  113
    8     -1.804656796374      1.084278039229      4.062171781339
    8     -3.735728104508      4.265022488130      3.831008109266
    8      0.045584530910     -2.003591487124      4.036241781434
    8      1.855019833786      1.104375765109      4.069544901744
    8     -0.112148997680      4.230346254398      4.082472827675
    8     -5.702240304655      1.080103068615      4.030512173227
    8     -7.441885933557      4.252230639400      4.088487209700
    8     -3.869068422270     -2.020550084092      4.055101690856
  258      1.825110043377     -1.001575482603      3.184499088702
  258      0.013294772333      2.174310353951      3.147433575960
  258      3.755077117621     -4.527698507001      3.177186304346
  258      5.724538994678     -1.039322504903      3.153743828214
  258      3.768103471540      2.216441636986      3.171643453948
  258      7.524814812338     -4.348277864702      3.368055115931
  258     -1.873482792196     -1.068882944331      3.262790862394
  258     -3.779885967872      2.160440660038      3.266295647208
  258      0.017283246858     -4.385149226113      3.363353512882
    8      0.009098506577      0.031659285194      2.349165626935
    8     -1.866663911003      3.199746068971      2.344127518079
    8      2.050741852804     -3.160343477327      2.571993193610
    8      3.745257020497     -0.070516754375      2.404448778535
    8      1.883383198804      3.256151315767      2.390164156842
    8      5.460119439384     -3.208302578802      2.551113757209
    8     -3.744038943842      0.053304294203      2.394177797636
    8     -5.666174646843      3.243520919732      2.387494991889
    8     -1.842967078779     -3.234464742009      2.523939397233
    8      1.861153544979     -1.093930480029      0.835696013715
    8      0.012126710210      2.185026210023      0.801325281298
    8      3.757990348834     -4.406568744839      0.837734061163
    8      5.685872314676     -1.089777081514      0.845443394674
    8      3.763610788891      2.158379173664      0.845194439103
    8      7.501640449783     -4.314576015085      0.890708413723
    8     -1.886747904136     -1.093907384990      0.861357959330
    8     -3.776410031638      2.186611624553      0.814135687281
    8      0.059794954082     -4.323622083185      0.933308499790
  258     -0.001999995366     -0.003175106899      0.003083929218
  258     -1.894027675396      3.262246623211      0.003180926417
  258      1.885271435098     -3.271673037087      0.057357290560
  258      3.766292361502     -0.002469582091      0.018866729575
  258      1.883486270591      3.294166469084      0.042934390431
  258      5.658795064674     -3.276958982509      0.049279003914
  258     -3.760209097544      0.009314368374      0.013177246156
  258     -5.643756691312      3.286172467013      0.055085998813
  258     -1.881976225756     -3.262848076225      0.098936590722
    8     -1.882531764654      1.083743155358     -0.795393319697
    8     -3.785163758376      4.381112066773     -0.782077188299
    8     -0.002893447683     -2.195068284944     -0.772169344995
    8      1.893189196912      1.088764454981     -0.785518586274
    8      0.003664768836      4.376628742438     -0.781028901557
    8      3.771063616853     -2.185943654817     -0.760415542136
    8     -5.660257582308      1.094084847678     -0.781088882828
    8     -7.529623971270      4.392931659770     -0.733809436229
    8     -3.760603403616     -2.178675499934     -0.774635639904
    8      0.000000000000      0.000000000000     -2.343480358560
    8     -1.886569393279      3.273186473714     -2.343480358560
    8      1.886569393283     -3.273186473709     -2.343480358560
    8      3.768773962793     -0.002471895534     -2.343480358560
    8      1.882204569508      3.270714578179     -2.343480358560
    8      5.655343356086     -3.275658369241     -2.343480358560
    8     -3.768773962793      0.002471895524     -2.343480358560
    8     -5.655343356086      3.275658369241     -2.343480358560
    8     -1.882204569515     -3.270714578175     -2.343480358560
  258     -1.885114452024      1.091886123079     -3.124640478080
  258     -3.771683845297      4.365072596797     -3.124640478080
  258      0.001454941260     -2.181300350628     -3.124640478080
  258      1.883659510764      1.089414227551     -3.124640478080
  258     -0.002909882513      4.362600701261     -3.124640478080
  258      3.770228904050     -2.183772246162     -3.124640478080
  258     -5.653888414856      1.094358018600     -3.124640478080
  258     -7.540457808094      4.367544492333     -3.124640478080
  258     -3.767319021538     -2.178828455097     -3.124640478080
    8      1.885114452024     -1.091886123079     -3.905800597599
    8     -0.001454941260      2.181300350628     -3.905800597599
    8      3.771683845297     -4.365072596797     -3.905800597599
    8      5.653888414856     -1.094358018600     -3.905800597599
    8      3.767319021542      2.178828455098     -3.905800597599
    8      7.540457808094     -4.367544492333     -3.905800597599
    8     -1.883659510764     -1.089414227551     -3.905800597599
    8     -3.770228904052      2.183772246162     -3.905800597599
    8      0.002909882512     -4.362600701261     -3.905800597599
    1      5.698756206478      7.395687487902      5.537506655211
    8      2.231328978589      1.410177342729      6.724793511922
    1      1.977627942949      1.312483331175      5.768431551813
    1      1.904364450585      0.577021615310      7.134648978229
    8      3.801384875484     -1.586462260553      4.833830705310
    1      4.043513376601     -0.851501980604      5.532089036210
    1      3.636405362381     -2.444201781271      5.349135648765
    8     -6.679886807367      0.314332578753      6.345820179185
    1     -6.263262697749      0.755142681846      5.550131364749
    1      3.804968431747      0.834429828954      6.590346976626
    1      2.267906096865     -4.102373844009      5.780632349909
    8      3.294410305295     -3.935642577471      5.674760413674
    1      3.851623832457     -4.529516126406      6.249464667064
    1     -1.759523875709     17.379102230231      6.322483912050
    8     -2.207820321878     18.173009408889      5.967861072384
    1     -3.093135664915     17.863128390208      5.654477929547
    8     -1.394874028522      1.502003452790      6.604972962293
    1     -1.504646324781      1.222477847545      5.640221121269
    1     -1.326200749026      0.667328723993      7.099925827640
    1     -0.279759344043      4.183829970437      5.675989629386
    8     -0.422673797326      4.267794655831      6.670472227882
    1     -0.634455378475      3.353798885270      6.957461554909
    8      1.750849169035     11.980115864850      5.867259088364
    1      2.589691971925     11.772878661392      6.353382941851
    1      1.033126216598     11.480693791751      6.289209757065
    8     -9.478980870994     18.361436253956      7.388150504074
    1    -10.090461147909     17.618083806894      7.137561530692
    1     -8.737785729748     17.968221421531      7.870736193165
    8      0.075247728348     16.592340230289      6.339136337251
    1     -2.765437670763     14.483628959338      5.932678669111
    8     -3.526514843131     15.096560474591      5.961502037354
    1     -4.252442701325     14.683704548801      6.486064954152
    8      0.741011367960     15.451672760987      5.623524814955
    0    0
