   2   1   1 E -1.7735434336348E+04 DE-8.7E-07(  4)
  0.112988062574E+02 -0.714141231873E-02  0.000000000000E+00
 -0.565570488821E+01  0.982723388794E+01  0.000000000000E+00
  0.000000000000E+00  0.000000000000E+00  0.500000000000E+03
    1
  0.100000000000E+01  0.000000000000E+00  0.000000000000E+00
  0.000000000000E+00  0.100000000000E+01  0.000000000000E+00
  0.000000000000E+00  0.000000000000E+00  0.100000000000E+01
  0.000000000000E+00  0.000000000000E+00  0.000000000000E+00
  113
    8     -1.797205281951      1.087553167505      4.055877452642
    8     -3.713586711848      4.259141077826      3.851921979117
    8      0.039551154717     -1.965122981989      4.082801684224
    8      1.844320850144      1.106875190435      4.079799763857
    8     -0.105665590625      4.240483309757      4.079449280695
    8     -5.714030281169      1.078656788475      4.039168197409
    8     -7.446552346851      4.248556637241      4.063248239821
    8     -3.868157494546     -2.024964643217      4.032995905593
  258      1.818167754251     -1.003206865621      3.198005976145
  258      0.011930013183      2.170863798790      3.143065129801
  258      3.754508688731     -4.532527075471      3.172114282259
  258      5.717791728245     -1.037008938351      3.145457884049
  258      3.763890615231      2.218396258018      3.176372767161
  258      7.521013845122     -4.357894533034      3.360982279026
  258     -1.871047125707     -1.070743815119      3.258433180827
  258     -3.781855643692      2.164757451235      3.272616042363
  258      0.022299342952     -4.396772881648      3.340563582279
    8      0.012385627688      0.026165622789      2.337720923437
    8     -1.857966168946      3.207724698706      2.338796137631
    8      2.023464029372     -3.175846685085      2.577786769847
    8      3.733931981527     -0.070800549829      2.408766563951
    8      1.873933168501      3.245811940726      2.381799856813
    8      5.450991598981     -3.210101159100      2.536577165662
    8     -3.744438798821      0.068481220087      2.393538097470
    8     -5.644972093386      3.243924724241      2.388195488333
    8     -1.833133675432     -3.234782405118      2.531983466413
    8      1.864868772204     -1.103954223658      0.832655728705
    8      0.010576012310      2.180714034336      0.791970706403
    8      3.744535962078     -4.407347427791      0.842233170293
    8      5.684776369670     -1.081568165921      0.848481013155
    8      3.764109087591      2.164420002200      0.850396801329
    8      7.505041875267     -4.317073574730      0.899119110580
    8     -1.891157384298     -1.099920865772      0.858481738751
    8     -3.768511208026      2.194949217103      0.810359378212
    8      0.046932108828     -4.336565152872      0.909478632385
  258      0.001102875330     -0.008129131192      0.003230458477
  258     -1.891636583421      3.263464030927      0.006066306538
  258      1.886694798513     -3.276301593351      0.046462278870
  258      3.763515969881     -0.003741964180      0.019886138669
  258      1.884609192674      3.293674130353      0.041432043268
  258      5.656127883577     -3.277427276108      0.056896010808
  258     -3.753650390379      0.014821260186      0.015610273549
  258     -5.640357818065      3.288653372842      0.047777007307
  258     -1.884008610553     -3.269444505694      0.088803096967
    8     -1.882573627325      1.084304937828     -0.796644557798
    8     -3.777660525820      4.382043432909     -0.789471178513
    8     -0.001172213865     -2.194672199242     -0.776020787659
    8      1.896803068543      1.086328287255     -0.780705842256
    8      0.007919721220      4.387956238024     -0.775502523989
    8      3.773182577003     -2.186284305901     -0.760921832108
    8     -5.655579760311      1.095047176140     -0.780539208719
    8     -7.531050909030      4.390433196954     -0.741412426896
    8     -3.763162066361     -2.185435724362     -0.771135888626
    8      0.000000000000      0.000000000000     -2.343480358560
    8     -1.885234962735      3.275744629323     -2.343480358560
    8      1.885234962739     -3.275744629318     -2.343480358560
    8      3.766268752406     -0.002380470776     -2.343480358560
    8      1.881033789665      3.273364158546     -2.343480358560
    8      5.651503715156     -3.278125100093     -2.343480358560
    8     -3.766268752406      0.002380470766     -2.343480358560
    8     -5.651503715156      3.278125100093     -2.343480358560
    8     -1.881033789672     -3.273364158542     -2.343480358560
  258     -1.883834571714      1.092708366696     -3.124640478080
  258     -3.769069534443      4.368452996024     -3.124640478080
  258      0.001400391026     -2.183036262621     -3.124640478080
  258      1.882434180688      1.090327895926     -3.124640478080
  258     -0.002800782046      4.366072525245     -3.124640478080
  258      3.767669143430     -2.185416733397     -3.124640478080
  258     -5.650103324159      1.095088837459     -3.124640478080
  258     -7.535338286854      4.370833466802     -3.124640478080
  258     -3.764868361385     -2.180655791848     -3.124640478080
    8      1.883834571714     -1.092708366696     -3.905800597599
    8     -0.001400391026      2.183036262621     -3.905800597599
    8      3.769069534443     -4.368452996024     -3.905800597599
    8      5.650103324159     -1.095088837459     -3.905800597599
    8      3.764868361389      2.180655791848     -3.905800597599
    8      7.535338286854     -4.370833466802     -3.905800597599
    8     -1.882434180688     -1.090327895926     -3.905800597599
    8     -3.767669143432      2.185416733397     -3.905800597599
    8      0.002800782045     -4.366072525245     -3.905800597599
    1      5.447307237378      7.233236832055      5.459705838168
    8      2.142550023241      1.087689530682      6.766084546292
    1      1.912115598435      1.133838217257      5.800513149811
    1      1.794795041153      0.211334431748      7.064694852955
    8      3.790637042322     -1.634888586189      4.810626593242
    1      4.066264863932     -0.910232084588      5.520593487442
    1      3.626417974269     -2.487195323889      5.326855802885
    8     -6.709119126119      0.224897256425      6.345453450486
    1     -6.321248697351      0.721744186261      5.570773877774
    1      3.720464221936      0.665106782410      6.610140446457
    1      2.314737349033     -4.172687826104      5.811756465877
    8      3.310791509208     -3.974065015686      5.719869595869
    1      3.891824228534     -4.576679017984      6.270722713344
    1     -1.919173733104     17.556930491916      6.472325157455
    8     -2.325232946806     18.294006824461      5.984727995365
    1     -3.166180968572     17.926287537921      5.613560189174
    8     -1.351613077393      1.568224011305      6.575572815120
    1     -1.483940815453      1.248598373708      5.625126519314
    1     -1.169964701978      0.773238151324      7.098246576458
    1     -0.234362054391      4.199959042692      5.664266490077
    8     -0.386286049519      4.264422711174      6.661001163966
    1     -0.610225010535      3.340802333686      6.916979926603
    8      1.746346364888     11.918211350254      5.871127035576
    1      2.592030210463     11.742597176427      6.356069630753
    1      1.058635329280     11.353145798104      6.256851720460
    8     -9.764426633113     18.109943498513      7.333814227109
    1    -10.402294443017     17.409502982710      7.023270777555
    1     -9.021073526270     17.645084484421      7.744578541155
    8     -0.232668784961     16.378566862477      6.220241201256
    1     -2.689606887571     14.708760500884      6.014139506210
    8     -3.521089749792     15.222884640761      5.966180761720
    1     -4.215322606951     14.780167607911      6.507224056977
    8      0.679764709109     15.367020988879      5.574038095680
    0    0
