   2   1   1 E -1.7735436913039E+04 DE-3.6E-06(  6)
  0.113068417335E+02 -0.641461165979E-02  0.000000000000E+00
 -0.565909943193E+01  0.981906892512E+01  0.000000000000E+00
  0.000000000000E+00  0.000000000000E+00  0.500000000000E+03
    1
  0.100000000000E+01  0.000000000000E+00  0.000000000000E+00
  0.000000000000E+00  0.100000000000E+01  0.000000000000E+00
  0.000000000000E+00  0.000000000000E+00  0.100000000000E+01
  0.000000000000E+00  0.000000000000E+00  0.000000000000E+00
  113
    8     -1.801512127967      1.083502087600      4.060974704260
    8     -3.728036323420      4.262596726951      3.841626594667
    8      0.046805451635     -2.013577607559      4.035455408669
    8      1.855173742536      1.103223389347      4.077838299343
    8     -0.109676838400      4.236175250134      4.082629948610
    8     -5.705803358103      1.083313721198      4.033824209299
    8     -7.440387858247      4.256103069512      4.084467401606
    8     -3.867024313881     -2.015007720189      4.052280741708
  258      1.828747755486     -1.001060105256      3.189162720935
  258      0.015229073929      2.173977965326      3.153576055518
  258      3.758432578332     -4.524739827623      3.174984286663
  258      5.724174874516     -1.033129867202      3.149228723296
  258      3.769281191340      2.219889189079      3.166886508333
  258      7.527215448487     -4.349931661852      3.362461261418
  258     -1.874946520655     -1.066671003689      3.258775914327
  258     -3.779370798190      2.165346818075      3.272072265885
  258      0.016972708609     -4.380162402358      3.371237127467
    8      0.011414465815      0.030993254447      2.355012849998
    8     -1.865833938348      3.199546476660      2.346320219412
    8      2.051824619354     -3.166711181527      2.576021428360
    8      3.737955793165     -0.066338256656      2.407271863853
    8      1.884158309542      3.253500795441      2.397680337775
    8      5.464866476146     -3.204087442653      2.545364664151
    8     -3.745468378995      0.058230160372      2.393049314028
    8     -5.659370764339      3.243645375192      2.384719364475
    8     -1.847634516275     -3.234131196618      2.517478767157
    8      1.861553331225     -1.097893194862      0.838680813391
    8      0.014541401631      2.186244900723      0.801057624458
    8      3.758693692661     -4.405842906514      0.838343506457
    8      5.680185874797     -1.085297419145      0.845980227248
    8      3.767203952699      2.161358202283      0.844987481845
    8      7.498282076717     -4.320880933051      0.887465382997
    8     -1.887573506047     -1.091607650635      0.864625093219
    8     -3.774057035715      2.186460820129      0.806467463343
    8      0.057756738966     -4.320531112368      0.926606435962
  258     -0.002582743229     -0.003083452174      0.006928940452
  258     -1.894126872367      3.260946437146      0.004225887963
  258      1.883678409448     -3.270254147644      0.056592338505
  258      3.766048654294     -0.000997599009      0.015576227441
  258      1.881898500483      3.294594381258      0.038784912749
  258      5.656490735882     -3.277498569326      0.049692943075
  258     -3.761326547319      0.010565981294      0.010544001522
  258     -5.643551137888      3.287788705267      0.059405910152
  258     -1.881411526773     -3.262261619637      0.098179167212
    8     -1.881464112017      1.081516922860     -0.795439956306
    8     -3.783070168566      4.382555402360     -0.783738008005
    8     -0.004084589741     -2.189614629308     -0.772067705023
    8      1.893170555287      1.088242169375     -0.783935792167
    8      0.001889691641      4.376736369312     -0.783185122209
    8      3.771405755726     -2.185617685277     -0.763020148780
    8     -5.661796019700      1.093613233704     -0.781615987104
    8     -7.532915954674      4.392536806355     -0.736659094617
    8     -3.762274578180     -2.177652299860     -0.772613196875
    8      0.000000000000      0.000000000000     -2.343480358560
    8     -1.886366477311      3.273022975049     -2.343480358560
    8      1.886366477316     -3.273022975044     -2.343480358560
    8      3.768947244451     -0.002138203890     -2.343480358560
    8      1.882580767134      3.270884771158     -2.343480358560
    8      5.655313721777     -3.275161178932     -2.343480358560
    8     -3.768947244451      0.002138203880     -2.343480358560
    8     -5.655313721777      3.275161178932     -2.343480358560
    8     -1.882580767141     -3.270884771154     -2.343480358560
  258     -1.885104573921      1.091720392976     -3.124640478080
  258     -3.771471051226      4.364743368029     -3.124640478080
  258      0.001261903396     -2.181302582066     -3.124640478080
  258      1.883842670525      1.089582189092     -3.124640478080
  258     -0.002523806784      4.362605164137     -3.124640478080
  258      3.770209147844     -2.183440785956     -3.124640478080
  258     -5.654051818411      1.093858596852     -3.124640478080
  258     -7.540418295682      4.366881571921     -3.124640478080
  258     -3.767685341061     -2.179164378180     -3.124640478080
    8      1.885104573921     -1.091720392976     -3.905800597599
    8     -0.001261903396      2.181302582066     -3.905800597599
    8      3.771471051226     -4.364743368029     -3.905800597599
    8      5.654051818411     -1.093858596852     -3.905800597599
    8      3.767685341065      2.179164378180     -3.905800597599
    8      7.540418295682     -4.366881571921     -3.905800597599
    8     -1.883842670525     -1.089582189092     -3.905800597599
    8     -3.770209147846      2.183440785956     -3.905800597599
    8      0.002523806783     -4.362605164137     -3.905800597599
    1      5.633157459909      7.381462927222      5.541905931015
    8      2.226289572880      1.334368980582      6.749531523146
    1      1.976525922792      1.264126153208      5.790963931807
    1      1.919676442270      0.486590340147      7.137865254517
    8      3.815971232350     -1.597641332391      4.818236177933
    1      4.050553277704     -0.855743135241      5.523360769282
    1      3.643572154898     -2.450774953144      5.340180257722
    8     -6.694817468234      0.288949699254      6.343483718368
    1     -6.292256792544      0.757239727752      5.557641841037
    1      3.775814617553      0.784387103375      6.597164745983
    1      2.278591805189     -4.100661752682      5.786658994904
    8      3.298404334544     -3.936035804086      5.688545318703
    1      3.856238643131     -4.534081412535      6.258196500116
    1     -1.802214825982     17.397572708396      6.370632367477
    8     -2.221597890619     18.186944267103      5.974162598876
    1     -3.094561538620     17.871203684015      5.633317035817
    8     -1.383847451826      1.559650378886      6.589873161604
    1     -1.501388986234      1.249335407083      5.636477937706
    1     -1.273750189024      0.749920780535      7.112379779523
    1     -0.259309463015      4.221651334000      5.674086792648
    8     -0.397126258375      4.305697973489      6.670861625678
    1     -0.594882673382      3.387057150361      6.964230298463
    8      1.741080119950     12.005561224920      5.871057535049
    1      2.581401668387     11.800731247826      6.353070670088
    1      1.032976903887     11.475140229032      6.269462693587
    8     -9.505691092381     18.277989558064      7.385803691838
    1    -10.135725787052     17.555604711401      7.122123510531
    1     -8.763610349715     17.855384783873      7.834812100258
    8     -0.003099723728     16.547688957421      6.327527924705
    1     -2.754856986586     14.570458690963      5.956636362334
    8     -3.525375726354     15.166754300403      5.967425364597
    1     -4.247991886628     14.753926839306      6.495522105598
    8      0.728764846931     15.435448630431      5.622495968108
    0    0
