   2   1   1 E -1.7735438071651E+04 DE-3.3E-06(  3)
  0.113050790275E+02 -0.678707429624E-02  0.000000000000E+00
 -0.565853941732E+01  0.982038017798E+01  0.000000000000E+00
  0.000000000000E+00  0.000000000000E+00  0.500000000000E+03
    1
  0.100000000000E+01  0.000000000000E+00  0.000000000000E+00
  0.000000000000E+00  0.100000000000E+01  0.000000000000E+00
  0.000000000000E+00  0.000000000000E+00  0.100000000000E+01
  0.000000000000E+00  0.000000000000E+00  0.000000000000E+00
  113
    8     -1.800820625864      1.084411159289      4.061072673029
    8     -3.742300660680      4.264409109191      3.828496234910
    8      0.051911012248     -2.002697015638      4.041629385857
    8      1.854594112559      1.104487835876      4.063696496400
    8     -0.116116700458      4.226500927570      4.079919935299
    8     -5.700835389813      1.085360230414      4.023051325515
    8     -7.435462531907      4.254066842665      4.087747064397
    8     -3.864544847121     -2.019014074781      4.054978776064
  258      1.829349121956     -0.999264169283      3.181421527989
  258      0.011245528305      2.171275759258      3.145039460180
  258      3.753752980134     -4.530889345394      3.180614208651
  258      5.724870313714     -1.038861889241      3.158188042403
  258      3.768713197856      2.220019835397      3.170003984511
  258      7.522539750958     -4.351867324118      3.370801391423
  258     -1.875308440319     -1.071106301879      3.267932482889
  258     -3.780635458898      2.160367115796      3.264648113822
  258      0.016589552038     -4.383198259501      3.355217806887
    8      0.007708013273      0.028549389445      2.347279917839
    8     -1.868529911063      3.198077927130      2.342816054362
    8      2.051175615551     -3.161094548324      2.572844259488
    8      3.745034684951     -0.070742728240      2.404467324480
    8      1.884725616195      3.256390471427      2.389003919186
    8      5.453571063792     -3.204514870167      2.556513859003
    8     -3.742540102821      0.052395147724      2.395327199234
    8     -5.667343236565      3.247130237576      2.381187495013
    8     -1.838939815512     -3.234680946213      2.527102004961
    8      1.862128817693     -1.094401634308      0.834387818530
    8      0.012582316167      2.185053832488      0.798575692040
    8      3.756491018704     -4.407763577774      0.838475086749
    8      5.685176749350     -1.090044998272      0.848009544437
    8      3.764259092673      2.157829754501      0.843631026130
    8      7.498842328500     -4.312066019859      0.892809278074
    8     -1.888828795561     -1.096963314583      0.860594950756
    8     -3.777313463089      2.186005200811      0.813758590679
    8      0.059835776744     -4.322059082740      0.930578016426
  258     -0.002049719544     -0.004196392094      0.002798098068
  258     -1.893657265463      3.262285783680      0.003072817993
  258      1.886382251445     -3.272090532259      0.055708412294
  258      3.766638840446     -0.001790296164      0.017631485118
  258      1.882816112675      3.295438725847      0.044068978455
  258      5.657295596960     -3.276695896050      0.050568450216
  258     -3.759725132036      0.008326660837      0.014474614262
  258     -5.643187324599      3.285840630856      0.053454443279
  258     -1.882221723729     -3.262122177721      0.097153198159
    8     -1.883544701132      1.083362438118     -0.794284034790
    8     -3.783893052747      4.381005653735     -0.784090940773
    8     -0.002689942289     -2.193877509437     -0.772441819374
    8      1.893110119521      1.088919787136     -0.785797584823
    8      0.003832679726      4.378563670451     -0.780676003928
    8      3.771480796614     -2.186363027058     -0.760590613652
    8     -5.659405580642      1.093136101486     -0.781719143666
    8     -7.530718279470      4.393914286867     -0.733351083018
    8     -3.762042137118     -2.179651490574     -0.775494243627
    8      0.000000000000      0.000000000000     -2.343480358560
    8     -1.886179805774      3.273460059338     -2.343480358560
    8      1.886179805778     -3.273460059333     -2.343480358560
    8      3.768359675767     -0.002262358102     -2.343480358560
    8      1.882179869987      3.271197701235     -2.343480358560
    8      5.654539481555     -3.275722417433     -2.343480358560
    8     -3.768359675767      0.002262358092     -2.343480358560
    8     -5.654539481555      3.275722417433     -2.343480358560
    8     -1.882179869994     -3.271197701231     -2.343480358560
  258     -1.884846493847      1.091907472476     -3.124640478080
  258     -3.771026299615      4.365367531819     -3.124640478080
  258      0.001333311932     -2.181552586855     -3.124640478080
  258      1.883513181915      1.089645114380     -3.124640478080
  258     -0.002666623857      4.363105173714     -3.124640478080
  258      3.769692987696     -2.183814944957     -3.124640478080
  258     -5.653206169652      1.094169830565     -3.124640478080
  258     -7.539385975386      4.367629889923     -3.124640478080
  258     -3.767026363840     -2.179290228756     -3.124640478080
    8      1.884846493847     -1.091907472476     -3.905800597599
    8     -0.001333311932      2.181552586855     -3.905800597599
    8      3.771026299615     -4.365367531819     -3.905800597599
    8      5.653206169652     -1.094169830565     -3.905800597599
    8      3.767026363844      2.179290228757     -3.905800597599
    8      7.539385975386     -4.367629889923     -3.905800597599
    8     -1.883513181915     -1.089645114380     -3.905800597599
    8     -3.769692987698      2.183814944957     -3.905800597599
    8      0.002666623856     -4.363105173714     -3.905800597599
    1      5.755897943246      7.417982838645      5.522061937556
    8      2.251642188158      1.497069493600      6.696760911124
    1      1.993827103525      1.367576060447      5.745338002335
    1      1.910943506898      0.683572206047      7.131129546265
    8      3.795347076348     -1.574658453763      4.847295243856
    1      4.028392185954     -0.850338734516      5.553485441936
    1      3.625145621773     -2.438912198040      5.353406898853
    8     -6.664367020713      0.339202821972      6.355808748273
    1     -6.248691096832      0.760744251825      5.550268590145
    1      3.823976791352      0.871157128638      6.584329863173
    1      2.235141200774     -4.094833863906      5.758021878455
    8      3.276182690589     -3.930171215852      5.662929039263
    1      3.812796282876     -4.512804403686      6.261461987908
    1     -1.665273662055     17.396773918748      6.321775919555
    8     -2.166154767134     18.157696502608      5.958406769883
    1     -3.050307546159     17.807872258156      5.696485652086
    8     -1.393418442387      1.457345577897      6.612311778164
    1     -1.499841076304      1.206738358795      5.639681594344
    1     -1.348976176394      0.606556585830      7.079328019007
    1     -0.299670790971      4.158729067065      5.677889448685
    8     -0.430740756215      4.233666873653      6.672590522051
    1     -0.628469346531      3.318060144950      6.961065926088
    8      1.766805531670     11.973817598932      5.864464605328
    1      2.595910440148     11.742159540078      6.356110079637
    1      1.021040396415     11.543754447457      6.311039841039
    8     -9.452429204610     18.447049421569      7.407278679708
    1    -10.025105528747     17.682813192844      7.134374058358
    1     -8.793959589024     18.098699245076      8.024925019721
    8      0.151328884300     16.638594446670      6.343419223045
    1     -2.774802444419     14.477779698661      5.956060066570
    8     -3.542545114599     15.082077125652      5.967603095202
    1     -4.270363717466     14.661667534229      6.483225632503
    8      0.742939321338     15.456345819343      5.633752844950
    0    0
