   2   1   1 E -1.7735438073536E+04 DE-4.5E-06(  3)
  0.113050737271E+02 -0.678842934022E-02  0.000000000000E+00
 -0.565853793554E+01  0.982038993775E+01  0.000000000000E+00
  0.000000000000E+00  0.000000000000E+00  0.500000000000E+03
    1
  0.100000000000E+01  0.000000000000E+00  0.000000000000E+00
  0.000000000000E+00  0.100000000000E+01  0.000000000000E+00
  0.000000000000E+00  0.000000000000E+00  0.100000000000E+01
  0.000000000000E+00  0.000000000000E+00  0.000000000000E+00
  113
    8     -1.800870957160      1.084357934932      4.061159631518
    8     -3.742292942896      4.264455389195      3.828362878808
    8      0.051926055160     -2.002553025815      4.041811282585
    8      1.854549307104      1.104489104001      4.063693979550
    8     -0.116097785743      4.226492864056      4.079783354260
    8     -5.700678637640      1.085274061605      4.023043704507
    8     -7.435571011268      4.254131417208      4.087925922998
    8     -3.864367617605     -2.018925928502      4.054949475115
  258      1.829403391536     -0.999232148079      3.181446240836
  258      0.011299684337      2.171401079744      3.145103405413
  258      3.753673414956     -4.530857070527      3.180719804236
  258      5.724888079095     -1.038833447783      3.158112718208
  258      3.768703253792      2.220108416744      3.170055846810
  258      7.522579006407     -4.351804108052      3.370732105250
  258     -1.875232801646     -1.071147450665      3.268009000124
  258     -3.780586907671      2.160304070688      3.264592587440
  258      0.016560890175     -4.383290864093      3.355295960633
    8      0.007731324740      0.028533619830      2.347250430028
    8     -1.868449658738      3.198039850149      2.342842345966
    8      2.051182161578     -3.161065864556      2.572767789211
    8      3.745006270617     -0.070688563375      2.404534154492
    8      1.884770257683      3.256399135975      2.388890704295
    8      5.453565468994     -3.204566413023      2.556614319115
    8     -3.742405595459      0.052444932029      2.395222766706
    8     -5.667415372392      3.247175883766      2.381288305849
    8     -1.838862531865     -3.234822059047      2.527134029700
    8      1.862216704548     -1.094420192443      0.834439420790
    8      0.012564390538      2.185017737009      0.798522645433
    8      3.756457380333     -4.407794146639      0.838517208790
    8      5.685154272024     -1.090027503179      0.848013067519
    8      3.764302087387      2.157851322576      0.843561330157
    8      7.498902994994     -4.312084967109      0.892827187817
    8     -1.888799425212     -1.097054625745      0.860595260367
    8     -3.777397934745      2.186070636379      0.813791912485
    8      0.059815781434     -4.322039072487      0.930504164474
  258     -0.002077430121     -0.004231535977      0.002913975017
  258     -1.893691498972      3.262334260077      0.003149791352
  258      1.886402060169     -3.272107332170      0.055816343349
  258      3.766687126330     -0.001772720225      0.017706034361
  258      1.882826478611      3.295350442829      0.043914572106
  258      5.657331824285     -3.276763941765      0.050680263353
  258     -3.759697249392      0.008312725830      0.014463188028
  258     -5.643225184584      3.285862933770      0.053562778794
  258     -1.882174772502     -3.262108771560      0.097059335747
    8     -1.883614425249      1.083347517388     -0.794293542177
    8     -3.783843826575      4.381010924655     -0.784098235038
    8     -0.002628197990     -2.193767358855     -0.772395836221
    8      1.893065655938      1.088917686975     -0.785826439329
    8      0.003867109330      4.378576566981     -0.780629013147
    8      3.771514069472     -2.186361044270     -0.760569735889
    8     -5.659391160432      1.093154695943     -0.781685408393
    8     -7.530791884928      4.393920571287     -0.733391846681
    8     -3.762054324745     -2.179637969514     -0.775505536936
    8      0.000000000000      0.000000000000     -2.343480358560
    8     -1.886179311848      3.273463312593     -2.343480358560
    8      1.886179311852     -3.273463312588     -2.343480358560
    8      3.768357908974     -0.002262809783     -2.343480358560
    8      1.882178597119      3.271200502809     -2.343480358560
    8      5.654537220836     -3.275726122370     -2.343480358560
    8     -3.768357908974      0.002262809773     -2.343480358560
    8     -5.654537220836      3.275726122370     -2.343480358560
    8     -1.882178597126     -3.271200502805     -2.343480358560
  258     -1.884845740274      1.091908707455     -3.124640478080
  258     -3.771025052116      4.365372020053     -3.124640478080
  258      0.001333571579     -2.181554605131     -3.124640478080
  258      1.883512168695      1.089645897678     -3.124640478080
  258     -0.002667143152      4.363109210267     -3.124640478080
  258      3.769691480550     -2.183817414915     -3.124640478080
  258     -5.653203649286      1.094171517225     -3.124640478080
  258     -7.539382961094      4.367634829838     -3.124640478080
  258     -3.767024337399     -2.179291795351     -3.124640478080
    8      1.884845740274     -1.091908707455     -3.905800597599
    8     -0.001333571579      2.181554605131     -3.905800597599
    8      3.771025052116     -4.365372020053     -3.905800597599
    8      5.653203649286     -1.094171517225     -3.905800597599
    8      3.767024337403      2.179291795352     -3.905800597599
    8      7.539382961094     -4.367634829838     -3.905800597599
    8     -1.883512168695     -1.089645897678     -3.905800597599
    8     -3.769691480552      2.183817414915     -3.905800597599
    8      0.002667143151     -4.363109210267     -3.905800597599
    1      5.756047302248      7.418060252055      5.522005599167
    8      2.251598540988      1.496894007148      6.696877551445
    1      1.993752815293      1.367517486169      5.745431760558
    1      1.911014039405      0.683260563089      7.131149393268
    8      3.795469019779     -1.574617166811      4.847205923471
    1      4.028495981078     -0.850148297748      5.553336321200
    1      3.624981691593     -2.438722251361      5.353468775865
    8     -6.664337469497      0.339263203117      6.355580787400
    1     -6.248770913035      0.760916671719      5.550025369703
    1      3.823943160358      0.871077619560      6.584331408270
    1      2.235135875355     -4.094921858736      5.757936305456
    8      3.276191029222     -3.930214847383      5.662870245957
    1      3.812760234540     -4.512528867715      6.261694358886
    1     -1.665379433989     17.396456645391      6.321560766615
    8     -2.166156285019     18.157672305046      5.958677689249
    1     -3.050371052770     17.808081339206      5.696610233115
    8     -1.393445729406      1.457390852957      6.612363541280
    1     -1.499733125436      1.206685619689      5.639730885507
    1     -1.348825580532      0.606685905513      7.079661416388
    1     -0.299649415132      4.158643517272      5.677868865400
    8     -0.430620773939      4.233465311642      6.672522581534
    1     -0.628462688566      3.317855020714      6.960923645594
    8      1.766671932751     11.974311737290      5.864676364024
    1      2.595911262915     11.742601533802      6.356100441661
    1      1.021284273101     11.542519965362      6.310532414112
    8     -9.451979487982     18.446754783197      7.406948724362
    1    -10.024910864301     17.682619087124      7.134414868094
    1     -8.795367286794     18.099082945516      8.026823353714
    8      0.151394750320     16.638533066905      6.343394293490
    1     -2.774847699671     14.477900086794      5.956231606455
    8     -3.542554425121     15.082221707552      5.967599395412
    1     -4.270362062160     14.662175075979      6.483468153608
    8      0.742929101651     15.456212793182      5.633689935121
    0    0
