   2   1   1 E -1.7735438075255E+04 DE-1.8E-06(  4)
  0.113050743257E+02 -0.678917245151E-02  0.000000000000E+00
 -0.565853887647E+01  0.982039698654E+01  0.000000000000E+00
  0.000000000000E+00  0.000000000000E+00  0.500000000000E+03
    1
  0.100000000000E+01  0.000000000000E+00  0.000000000000E+00
  0.000000000000E+00  0.100000000000E+01  0.000000000000E+00
  0.000000000000E+00  0.000000000000E+00  0.100000000000E+01
  0.000000000000E+00  0.000000000000E+00  0.000000000000E+00
  113
    8     -1.800905103912      1.084330457046      4.061173768920
    8     -3.742317018665      4.264505414240      3.828358653279
    8      0.051892922965     -2.002425353098      4.041990951469
    8      1.854580083761      1.104483257542      4.063664811939
    8     -0.116112660738      4.226424938882      4.079776118359
    8     -5.700659328103      1.085221572087      4.022946524774
    8     -7.435609890820      4.254147842049      4.087961423274
    8     -3.864241197393     -2.018867416836      4.054935773519
  258      1.829462448835     -0.999200824209      3.181460693381
  258      0.011367518504      2.171463184494      3.145080452949
  258      3.753616919935     -4.530816886655      3.180794849589
  258      5.724916444898     -1.038807877546      3.158081031462
  258      3.768692304794      2.220207570922      3.170081940510
  258      7.522558847286     -4.351795465801      3.370749885504
  258     -1.875186069173     -1.071161396314      3.268017095089
  258     -3.780536091174      2.160265239978      3.264610961702
  258      0.016595679092     -4.383347739150      3.355275283312
    8      0.007767300924      0.028513201581      2.347246842711
    8     -1.868418907068      3.198062966313      2.342876301256
    8      2.051126509593     -3.161049269091      2.572730369151
    8      3.745003857212     -0.070632190863      2.404556642269
    8      1.884858347643      3.256418866502      2.388859831995
    8      5.453608059051     -3.204555190560      2.556712025218
    8     -3.742401740029      0.052478456279      2.395204667924
    8     -5.667414948956      3.247146727156      2.381355460331
    8     -1.838862409643     -3.234938571679      2.527161988012
    8      1.862326447495     -1.094443184718      0.834467702735
    8      0.012525928271      2.184984310746      0.798492699567
    8      3.756442551134     -4.407770299921      0.838528225631
    8      5.685140453738     -1.090066700836      0.848051997618
    8      3.764329805447      2.157907336471      0.843595673232
    8      7.498899679447     -4.312083611124      0.892864078862
    8     -1.888787378872     -1.097112988179      0.860550297725
    8     -3.777426934670      2.186086338396      0.813822203468
    8      0.059752075059     -4.322075408974      0.930459471840
  258     -0.002105174377     -0.004269877972      0.003010036303
  258     -1.893718991872      3.262360249892      0.003221533149
  258      1.886403372432     -3.272109185096      0.055862323214
  258      3.766704579329     -0.001787305438      0.017767570288
  258      1.882858037285      3.295282009556      0.043803011989
  258      5.657359728540     -3.276825413577      0.050810650358
  258     -3.759700770443      0.008309441240      0.014473994799
  258     -5.643243703920      3.285871537032      0.053630339421
  258     -1.882172169085     -3.262105663224      0.097035371712
    8     -1.883672417198      1.083322308554     -0.794329350356
    8     -3.783819649238      4.380993560889     -0.784099853502
    8     -0.002597567459     -2.193709348919     -0.772313204041
    8      1.893043107696      1.088962578385     -0.785841340060
    8      0.003904155612      4.378612440065     -0.780558209722
    8      3.771575135271     -2.186371163235     -0.760578875702
    8     -5.659415675623      1.093149022633     -0.781616756000
    8     -7.530851513494      4.393924469704     -0.733486678062
    8     -3.762095532134     -2.179626012088     -0.775518032615
    8      0.000000000000      0.000000000000     -2.343480358560
    8     -1.886179625490      3.273465662192     -2.343480358560
    8      1.886179625494     -3.273465662187     -2.343480358560
    8      3.768358108520     -0.002263057487     -2.343480358560
    8      1.882178483024      3.271202604704     -2.343480358560
    8      5.654537734024     -3.275728719672     -2.343480358560
    8     -3.768358108520      0.002263057477     -2.343480358560
    8     -5.654537734024      3.275728719672     -2.343480358560
    8     -1.882178483031     -3.271202604700     -2.343480358560
  258     -1.884845911337      1.091909573222     -3.124640478080
  258     -3.771025536820      4.365375235419     -3.124640478080
  258      0.001333714158     -2.181556088962     -3.124640478080
  258      1.883512197179      1.089646515741     -3.124640478080
  258     -0.002667428309      4.363112177929     -3.124640478080
  258      3.769691822675     -2.183819146449     -3.124640478080
  258     -5.653204019895      1.094172630696     -3.124640478080
  258     -7.539383645345      4.367638292908     -3.124640478080
  258     -3.767024394367     -2.179293031478     -3.124640478080
    8      1.884845911337     -1.091909573222     -3.905800597599
    8     -0.001333714158      2.181556088962     -3.905800597599
    8      3.771025536820     -4.365375235419     -3.905800597599
    8      5.653204019895     -1.094172630696     -3.905800597599
    8      3.767024394371      2.179293031479     -3.905800597599
    8      7.539383645345     -4.367638292908     -3.905800597599
    8     -1.883512197179     -1.089646515741     -3.905800597599
    8     -3.769691822677      2.183819146449     -3.905800597599
    8      0.002667428308     -4.363112177929     -3.905800597599
    1      5.756141380829      7.418112746914      5.521834567508
    8      2.251608821112      1.496762095307      6.696902289811
    1      1.993782843390      1.367378178777      5.745445038959
    1      1.911041481997      0.683087365881      7.131145536096
    8      3.795519563871     -1.574593636602      4.847233000489
    1      4.028555256139     -0.850101980522      5.553364529642
    1      3.624907296940     -2.438680662201      5.353517455358
    8     -6.664289113211      0.339321880782      6.355547171394
    1     -6.248785095213      0.760956130441      5.549939052507
    1      3.823938526246      0.871062674326      6.584369128939
    1      2.235182840221     -4.094892683403      5.757924410000
    8      3.276249116136     -3.930234707149      5.662972948683
    1      3.812803741705     -4.512495181575      6.261855129493
    1     -1.665397562787     17.396336501092      6.321483256315
    8     -2.166169522672     18.157675410968      5.958882077565
    1     -3.050386897194     17.808198609935      5.696553793199
    8     -1.393442494382      1.457499416477      6.612349815889
    1     -1.499674493123      1.206824856846      5.639674556187
    1     -1.348783232495      0.606807522741      7.079694983869
    1     -0.299729508006      4.158616197968      5.677784899047
    8     -0.430611899520      4.233414165482      6.672468820161
    1     -0.628362158787      3.317770567376      6.960887355286
    8      1.766635853778     11.974353479458      5.864652978917
    1      2.595950974113     11.742815356373      6.356097309647
    1      1.021449369284     11.542029883051      6.310393822970
    8     -9.451806762668     18.446632040172      7.406837591722
    1    -10.024757999946     17.682370358555      7.134400277849
    1     -8.796013961290     18.099398179571      8.027787220797
    8      0.151467073924     16.638529795802      6.343315644850
    1     -2.774882612005     14.478032793388      5.956272134513
    8     -3.542594243146     15.082313980958      5.967516443254
    1     -4.270331497694     14.662311818561      6.483485287224
    8      0.742931183153     15.456151376154      5.633673433989
    0    0
