   2   1   1 E -1.7734904740065E+04 DE-3.4E-07(  7)
  0.112307775776E+02 -0.739528454189E-02  0.000000000000E+00
 -0.562194794620E+01  0.975063240966E+01  0.000000000000E+00
  0.000000000000E+00  0.000000000000E+00  0.500000000000E+03
    1
  0.100000000000E+01  0.000000000000E+00  0.000000000000E+00
  0.000000000000E+00  0.100000000000E+01  0.000000000000E+00
  0.000000000000E+00  0.000000000000E+00  0.100000000000E+01
  0.000000000000E+00  0.000000000000E+00  0.000000000000E+00
  111
    8     -1.801135222397      1.002141069395      4.096696368810
    8     13.029468309794      5.399693877841      0.920495266073
    8     16.915674843753      5.409587404563      0.936394213205
    8      1.834667079466      1.182044002483      4.225379034411
    8     11.274382571911      4.158487333461      3.936501311688
    8     -5.655145525276      1.162289214355      4.181473215048
    8     13.181512940676      3.222058219871      2.413808209301
    8     11.215497122291      6.511473557075      2.588339302559
  258      1.823253218095     -1.036739246638      3.383798583869
  258     -0.012728950470      2.141573113070      3.207224423979
  258      3.773010375482     -4.413283227199      3.434314685417
  258      5.628506356566     -1.050347378955      3.354052778692
  258      3.752907725949      2.177651486527      3.258341916663
  258      7.493914385332     -4.344212730131      3.349379788992
  258     -1.890108157389     -1.066321095631      3.228719393797
  258     -3.756852511169      2.180333222661      3.395413601319
  258      0.021129306890     -4.328840856081      3.261665964720
    8      0.060114875951     -0.025714941202      2.438656378859
    8     -1.936088177652      3.218260711187      2.487588373172
    8     18.669708452152      4.335837847250      4.105570987899
    8      3.693693510954     -0.001135479009      2.523296845118
    8     14.986961295401      4.324722989915      4.172941500403
    8     16.836690175735      3.238580571954      2.457563189541
    8     -3.779227699485      0.056069848245      2.481621875150
    8     16.765440827421      7.564282613340      4.165468420965
    8     13.161595102333      7.666719572224      4.173906082297
    8      1.886578211590     -1.081699563928      0.890249032929
    8     -0.014053673862      2.168009230315      0.879816993459
    8      3.752323730220     -4.342767865924      0.925937072344
    8      5.597771793902     -1.083077217794      0.918400982081
    8      3.769604929461      2.125178593636      0.885415705236
    8     18.769233411791      6.566508453486      2.567085647847
    8     -1.879217225633     -1.025994703145      0.904248288123
    8     -3.753536079301      2.175534429599      0.864975361593
    8     14.953792156629      6.465959184917      2.480147672538
  258      0.009324512825     -0.008504556278      0.051091848041
  258     -1.889068722939      3.259404047940      0.082977048439
  258      1.893636969456     -3.237183418298      0.112284058874
  258      3.742932865512     -0.010125070953      0.091716853287
  258      1.876684793597      3.259433852481      0.070564148542
  258      5.615291941690     -3.253255403422      0.115991199350
  258     -3.755177546959      0.012600425006      0.078654251573
  258     -5.606424728432      3.253175261556      0.073819575417
  258     -1.876713761019     -3.248713395200      0.071173659823
    8     -1.871794278074      1.091092433093     -0.792879257898
    8     -3.735914345405      4.348472859263     -0.782181894120
    8      0.038571162521     -2.143396462393     -0.777819648743
    8      1.874017890480      1.081563333510     -0.779795908213
    8     -0.014041621138      4.334889767348     -0.781292972877
    8      3.750523893736     -2.172625111194     -0.771715781760
    8     -5.617583699036      1.076572416321     -0.786040336185
    8     -7.484335580835      4.303109459180     -0.742400719688
    8     -3.784186997082     -2.136938790051     -0.772080040968
    8      0.000000000000      0.000000000000     -2.343480358560
    8     -1.873982648732      3.250210803219     -2.343480358560
    8      1.873982648737     -3.250210803214     -2.343480358560
    8      3.743592525863     -0.002465094853     -2.343480358560
    8      1.869609877123      3.247745708371     -2.343480358560
    8      5.617575174609     -3.252675898066     -2.343480358560
    8     -3.743592525863      0.002465094843     -2.343480358560
    8     -5.617575174609      3.252675898066     -2.343480358560
    8     -1.869609877128     -3.247745708366     -2.343480358560
  258     -1.872525058199      1.084225299355     -3.124640478080
  258     -3.746507706926      4.334436102579     -3.124640478080
  258      0.001457590537     -2.165985503861     -3.124640478080
  258      1.871067467663      1.081760204506     -3.124640478080
  258     -0.002915181073      4.331971007726     -3.124640478080
  258      3.745050116400     -2.168450598711     -3.124640478080
  258     -5.616117584103      1.086690394190     -3.124640478080
  258     -7.490100232797      4.336901197429     -3.124640478080
  258     -3.742134935327     -2.163520409015     -3.124640478080
    8      1.872525058199     -1.084225299355     -3.905800597599
    8     -0.001457590537      2.165985503861     -3.905800597599
    8      3.746507706926     -4.334436102579     -3.905800597599
    8      5.616117584103     -1.086690394190     -3.905800597599
    8      3.742134935331      2.163520409016     -3.905800597599
    8      7.490100232797     -4.336901197429     -3.905800597599
    8     -1.871067467663     -1.081760204506     -3.905800597599
    8     -3.745050116403      2.168450598710     -3.905800597599
    8      0.002915181072     -4.331971007727     -3.905800597599
    8     -3.532146956431      2.038758057088      6.027091889304
    1     -2.714174006621      2.508720614840      6.370742848191
    8      1.645338763694      2.564130414136      6.552393450953
    1      1.658683551667      3.535449192979      6.353618644899
    1      1.708293695278      2.102362236853      5.670842347205
    1     -3.316818824527      1.094109142836      6.120777385398
    8     -6.614571892166      1.931357463408      6.944484820737
    1     -6.182665377286      1.534887363352      6.153621417527
    1      3.650821495226      1.951205990003      6.780039068133
    1      7.315738262791     -3.671641757874      6.424912242121
    8      6.967867836926     -4.450912595970      5.927191342161
    8     -0.524225075313     -2.397637337574      6.725948672066
    1     -0.392192759294     -2.311655586767      5.722760342559
    1     -0.543234537608     -3.384410589043      6.856427138791
    8      1.716308851615     -0.875767575716      6.069979340705
    1      1.524948301409      0.077376474462      6.046788155033
    1      0.950990976363     -1.347572583674      6.470747073511
    1      5.943706438831     -4.361765006712      5.877219264800
    1     -7.088365362056      4.608716453506      5.833596857013
    8     -6.600879726304      4.702998473472      6.697919045858
    1     -6.326319143224      3.773870446819      6.879776116086
    8     -3.287239708071     -1.968808608528      6.858398886419
    1     -2.303922677778     -2.081709300165      6.860774754566
    1     -3.517957794222     -1.896716858918      5.890087307963
    8     -1.362688487165      3.274341492296      7.108983624367
    1     -0.486008940704      2.901167444868      6.884060784794
    1     -1.383593844416      4.177673722051      6.628408073657
    8     -1.273559570911      5.481250232210      5.748843683942
    1     -1.481022099658      6.381966431029      6.058584993154
    8     -1.108142788234      8.265832066440      5.281141752785
    8     -1.955920075561      7.601659683386      4.271027460863
    0    0
