   2   1   1 E -1.7734904742368E+04 DE-1.0E-06(  6)
  0.112308450274E+02 -0.741203955652E-02  0.000000000000E+00
 -0.562199621233E+01  0.975070066927E+01  0.000000000000E+00
  0.000000000000E+00  0.000000000000E+00  0.500000000000E+03
    1
  0.100000000000E+01  0.000000000000E+00  0.000000000000E+00
  0.000000000000E+00  0.100000000000E+01  0.000000000000E+00
  0.000000000000E+00  0.000000000000E+00  0.100000000000E+01
  0.000000000000E+00  0.000000000000E+00  0.000000000000E+00
  111
    8     -1.801047828728      1.002182386354      4.096848029668
    8     13.029595594483      5.399689331815      0.920597550933
    8     16.915751237951      5.409580739818      0.936455620534
    8      1.834741838617      1.182040936859      4.225488914502
    8     11.274425120416      4.158570681206      3.936537310141
    8     -5.655120036320      1.162376540020      4.181723025020
    8     13.181627529901      3.222088028274      2.413960144704
    8     11.215464365356      6.511512693232      2.588487006668
  258      1.823295938424     -1.036733143445      3.383905462186
  258     -0.012566568368      2.141538843172      3.207338516979
  258      3.772984276431     -4.413310770194      3.434495115566
  258      5.628445884921     -1.050272210337      3.354260012848
  258      3.752964694994      2.177667657351      3.258540605981
  258      7.494024979139     -4.344144766677      3.349665256417
  258     -1.890115902620     -1.066262792689      3.228891973025
  258     -3.756949489267      2.180388348729      3.395544326973
  258      0.021173445528     -4.328860288784      3.261773469042
    8      0.060147104974     -0.025692297896      2.438684547273
    8     -1.936098771788      3.218237416935      2.487700305213
    8     18.669823144088      4.335860149475      4.105745542722
    8      3.693728227078     -0.001114212193      2.523443991419
    8     14.987146340405      4.324745966769      4.173171893026
    8     16.836779538450      3.238583429181      2.457681227856
    8     -3.779295814661      0.056103205265      2.481765342999
    8     16.765603060939      7.564343299136      4.165617930966
    8     13.161647206412      7.666921915744      4.174124917706
    8      1.886618077021     -1.081714186412      0.890305052483
    8     -0.013974722311      2.168016402121      0.879878143141
    8      3.752368900464     -4.342844985397      0.926000517083
    8      5.597815778149     -1.083056043237      0.918480686670
    8      3.769662610355      2.125184282465      0.885444502143
    8     18.769389968623      6.566478814704      2.567153323287
    8     -1.879268704477     -1.026010470933      0.904299300744
    8     -3.753558073030      2.175556942575      0.865035862853
    8     14.953863110296      6.465991952894      2.480296091754
  258      0.009318766825     -0.008543970817      0.051130774240
  258     -1.889051834024      3.259408546309      0.083032234283
  258      1.893664875902     -3.237229133550      0.112353063245
  258      3.742970826569     -0.010133242219      0.091776030898
  258      1.876739034663      3.259410154146      0.070554295683
  258      5.615329261407     -3.253300487240      0.116036985499
  258     -3.755206131430      0.012609191064      0.078702445835
  258     -5.606437497586      3.253160448460      0.073879258649
  258     -1.876679260198     -3.248732482617      0.071255085972
    8     -1.871780972660      1.091106477433     -0.792864330797
    8     -3.735888379833      4.348479455450     -0.782133053057
    8      0.038603151062     -2.143453306817     -0.777779651159
    8      1.874038242393      1.081528995324     -0.779756232691
    8     -0.013994713402      4.334874082231     -0.781257646499
    8      3.750601809998     -2.172652678540     -0.771648928463
    8     -5.617636921007      1.076578979350     -0.786043276324
    8     -7.484374783988      4.303140799398     -0.742414952088
    8     -3.784183262633     -2.136981688045     -0.772046322332
    8      0.000000000000      0.000000000000     -2.343480358560
    8     -1.873998737444      3.250233556422     -2.343480358560
    8      1.873998737449     -3.250233556417     -2.343480358560
    8      3.743615009117     -0.002470679858     -2.343480358560
    8      1.869616271665      3.247762876570     -2.343480358560
    8      5.617613746575     -3.252704236274     -2.343480358560
    8     -3.743615009117      0.002470679848     -2.343480358560
    8     -5.617613746575      3.252704236274     -2.343480358560
    8     -1.869616271670     -3.247762876565     -2.343480358560
  258     -1.872537915521      1.084234745424     -3.124640478080
  258     -3.746536652960      4.334468301852     -3.124640478080
  258      0.001460821927     -2.165998810995     -3.124640478080
  258      1.871077093595      1.081764065571     -3.124640478080
  258     -0.002921643853      4.331997621994     -3.124640478080
  258      3.745075831044     -2.168469490850     -3.124640478080
  258     -5.616152924679      1.086705425264     -3.124640478080
  258     -7.490151662085      4.336938981707     -3.124640478080
  258     -3.742154187191     -2.163528131144     -3.124640478080
    8      1.872537915521     -1.084234745424     -3.905800597599
    8     -0.001460821927      2.165998810995     -3.905800597599
    8      3.746536652960     -4.334468301852     -3.905800597599
    8      5.616152924679     -1.086705425264     -3.905800597599
    8      3.742154187195      2.163528131145     -3.905800597599
    8      7.490151662085     -4.336938981707     -3.905800597599
    8     -1.871077093595     -1.081764065571     -3.905800597599
    8     -3.745075831047      2.168469490849     -3.905800597599
    8      0.002921643852     -4.331997621995     -3.905800597599
    8     -3.532190055579      2.037400199390      6.027010693090
    1     -2.714640115703      2.507592671736      6.370720341746
    8      1.645541619153      2.563820707062      6.552583847998
    1      1.658414733254      3.535050734434      6.353597565173
    1      1.708474413972      2.102118611980      5.671038662877
    1     -3.315115077299      1.093184878738      6.118331838418
    8     -6.614362319618      1.931129584815      6.942365354790
    1     -6.183169812361      1.535894953869      6.150573625143
    1      3.651027333259      1.950871946797      6.778580896581
    1      7.315047695755     -3.672316464726      6.424006496582
    8      6.967110256503     -4.451743875124      5.926646741130
    8     -0.524000019852     -2.397798594820      6.726158629659
    1     -0.392000521117     -2.311779968939      5.722983664282
    1     -0.543468013865     -3.384581883872      6.856693161072
    8      1.717339081714     -0.877018364111      6.070488373345
    1      1.526940323956      0.076322858120      6.047269114565
    1      0.951455164884     -1.347985844230      6.471050779905
    1      5.942928614699     -4.362647225328      5.876994569037
    1     -7.087502390291      4.608621580085      5.832698947863
    8     -6.601244592665      4.702818700700      6.697691009674
    1     -6.326712820392      3.773678850988      6.879416066519
    8     -3.287227766359     -1.968229423927      6.858520236047
    1     -2.303889549453     -2.080906346884      6.860943311425
    1     -3.517891026748     -1.896420537074      5.890222983760
    8     -1.362759536768      3.273459389496      7.108792075006
    1     -0.486203455001      2.900579054199      6.883807072732
    1     -1.383867765975      4.176877722667      6.628384960617
    8     -1.274292103900      5.480878054594      5.749236273678
    1     -1.481248269144      6.381557023450      6.059443768494
    8     -1.108446586565      8.266226591295      5.283144343658
    8     -1.957634957845      7.603738385211      4.272988253336
    0    0
