   2   1   1 E -1.7734904748025E+04 DE-2.7E-07(  7)
  0.112309790306E+02 -0.744578176799E-02  0.000000000000E+00
 -0.562209249502E+01  0.975084095458E+01  0.000000000000E+00
  0.000000000000E+00  0.000000000000E+00  0.500000000000E+03
    1
  0.100000000000E+01  0.000000000000E+00  0.000000000000E+00
  0.000000000000E+00  0.100000000000E+01  0.000000000000E+00
  0.000000000000E+00  0.000000000000E+00  0.100000000000E+01
  0.000000000000E+00  0.000000000000E+00  0.000000000000E+00
  111
    8     -1.800869477312      1.002280232646      4.097115630265
    8     13.029852008993      5.399694526639      0.920771926065
    8     16.915911348829      5.409584357023      0.936556198698
    8      1.834908954861      1.182063972288      4.225684623520
    8     11.274518919812      4.158754018184      3.936569594725
    8     -5.655057532129      1.162577234389      4.182162785194
    8     13.181861899177      3.222163778057      2.414226967988
    8     11.215415412373      6.511608221596      2.588735947836
  258      1.823387895973     -1.036691950077      3.384082443739
  258     -0.012243516725      2.141496818769      3.207536482456
  258      3.772948783107     -4.413342531961      3.434810853423
  258      5.628355720140     -1.050102732884      3.354618137216
  258      3.753088845219      2.177721786401      3.258891038923
  258      7.494249971936     -4.344002737561      3.350177969112
  258     -1.890121102060     -1.066135923878      3.229197753917
  258     -3.757127114629      2.180519440302      3.395765754464
  258      0.021270506886     -4.328880853663      3.261956387531
    8      0.060216528280     -0.025628655894      2.438719370245
    8     -1.936110881506      3.218217644270      2.487893553523
    8     18.670063557978      4.335931542611      4.106055705129
    8      3.693805864162     -0.001043577678      2.523692329408
    8     14.987519262155      4.324810695909      4.173579808606
    8     16.836967689117      3.238609713785      2.457880973785
    8     -3.779409935040      0.056188663210      2.482011797698
    8     16.765925009812      7.564488910157      4.165874534484
    8     13.161770660675      7.667318546701      4.174504664582
    8      1.886701781094     -1.081728126032      0.890395726571
    8     -0.013816998841      2.168044861861      0.879979736660
    8      3.752463833991     -4.342984218064      0.926104223186
    8      5.597911808445     -1.083002861369      0.918610191125
    8      3.769781348184      2.125211464363      0.885479731511
    8     18.769713788085      6.566450261581      2.567265112342
    8     -1.879360344954     -1.026031590199      0.904377924668
    8     -3.753594488927      2.175616680376      0.865133050074
    8     14.954014621767      6.466072040206      2.480552790160
  258      0.009313208268     -0.008607639632      0.051192350057
  258     -1.889015185857      3.259430652978      0.083123934556
  258      1.893727528139     -3.237308594265      0.112471837446
  258      3.743050779263     -0.010136472014      0.091873190233
  258      1.876848076820      3.259376046141      0.070518468951
  258      5.615408486641     -3.253381189744      0.116107357691
  258     -3.755256843576      0.012637627007      0.078778723909
  258     -5.606459250982      3.253144711186      0.073977390147
  258     -1.876608531570     -3.248764173973      0.071394222071
    8     -1.871752229711      1.091141522585     -0.792845718954
    8     -3.735836292469      4.348504235397     -0.782050206833
    8      0.038668470135     -2.143557136370     -0.777711524565
    8      1.874080721802      1.081471437870     -0.779690835818
    8     -0.013902106354      4.334854343126     -0.781201721152
    8      3.750756965242     -2.172699868441     -0.771531969378
    8     -5.617737122696      1.076601522554     -0.786061502413
    8     -7.484449283446      4.303214316731     -0.742454109817
    8     -3.784171542567     -2.137059306202     -0.771992099274
    8      0.000000000000      0.000000000000     -2.343480358560
    8     -1.874030831675      3.250280318191     -2.343480358560
    8      1.874030831680     -3.250280318186     -2.343480358560
    8      3.743659676856     -0.002481927262     -2.343480358560
    8      1.869628845174      3.247798390936     -2.343480358560
    8      5.617690508545     -3.252762245447     -2.343480358560
    8     -3.743659676856      0.002481927252     -2.343480358560
    8     -5.617690508545      3.252762245447     -2.343480358560
    8     -1.869628845179     -3.247798390931     -2.343480358560
  258     -1.872563502844      1.084254081815     -3.124640478080
  258     -3.746594334515      4.334534400013     -3.124640478080
  258      0.001467328835     -2.166026236373     -3.124640478080
  258      1.871096174011      1.081772154558     -3.124640478080
  258     -0.002934657667      4.332052472751     -3.124640478080
  258      3.745127005691     -2.168508163632     -3.124640478080
  258     -5.616223179742      1.086736009059     -3.124640478080
  258     -7.490254011379      4.337016327271     -3.124640478080
  258     -3.742192348024     -2.163544309118     -3.124640478080
    8      1.872563502844     -1.084254081815     -3.905800597599
    8     -0.001467328835      2.166026236373     -3.905800597599
    8      3.746594334515     -4.334534400013     -3.905800597599
    8      5.616223179742     -1.086736009059     -3.905800597599
    8      3.742192348028      2.163544309119     -3.905800597599
    8      7.490254011379     -4.337016327271     -3.905800597599
    8     -1.871096174011     -1.081772154558     -3.905800597599
    8     -3.745127005694      2.168508163631     -3.905800597599
    8      0.002934657666     -4.332052472752     -3.905800597599
    8     -3.532965320942      2.037260882282      6.027878951445
    1     -2.715853974998      2.507393818807      6.371494834949
    8      1.646116312306      2.563159322347      6.553049534883
    1      1.658528946536      3.534266924476      6.353905963673
    1      1.708937833335      2.101651381478      5.671469464373
    1     -3.313582289724      1.093746248988      6.115754891164
    8     -6.613837036126      1.931003949626      6.940878968341
    1     -6.183795361961      1.537559316677      6.147713790434
    1      3.651592908611      1.950438993073      6.778095238814
    1      7.314984190028     -3.673651654277      6.423359772603
    8      6.966983609823     -4.453150600596      5.926286843335
    8     -0.523550080656     -2.397859719693      6.726538271650
    1     -0.391631158355     -2.311903284688      5.723377469651
    1     -0.543748027262     -3.384632602963      6.857429715579
    8      1.718126915055     -0.877527291616      6.071125994039
    1      1.528587080857      0.076000571862      6.048125510823
    1      0.951761320560     -1.347753196765      6.471429621546
    1      5.942801256578     -4.363976671888      5.876849661658
    1     -7.086653610301      4.608298698216      5.832683690539
    8     -6.601875101123      4.702684897559      6.698430594025
    1     -6.327308279318      3.773591750133      6.880129015614
    8     -3.287212599400     -1.967305372146      6.858707668355
    1     -2.303948327725     -2.080536829071      6.861172466479
    1     -3.517762520272     -1.895949320714      5.890443721861
    8     -1.362533904583      3.272789583629      7.108939658814
    1     -0.486529063077      2.899764312636      6.883779477655
    1     -1.383434722513      4.176241016649      6.628612337281
    8     -1.274285296417      5.480517790247      5.749628153493
    1     -1.480465645741      6.381288632907      6.060076171125
    8     -1.110207302068      8.266584899226      5.283393832573
    8     -1.955481237920      7.602037914227      4.271067629780
    0    0
