   2   1   1 E -1.7734904748063E+04 DE-4.8E-07( 29)
  0.112310346169E+02 -0.746536273238E-02  0.000000000000E+00
 -0.562213728798E+01  0.975089107218E+01  0.000000000000E+00
  0.000000000000E+00  0.000000000000E+00  0.500000000000E+03
    1
  0.100000000000E+01  0.000000000000E+00  0.000000000000E+00
  0.000000000000E+00  0.100000000000E+01  0.000000000000E+00
  0.000000000000E+00  0.000000000000E+00  0.100000000000E+01
  0.000000000000E+00  0.000000000000E+00  0.000000000000E+00
  111
    8     -1.800785566603      1.002328950904      4.097234220929
    8     13.029963745946      5.399680522797      0.920833910658
    8     16.915967525632      5.409572615266      0.936583658177
    8      1.834978079344      1.182102086849      4.225758946943
    8     11.274535861720      4.158837261315      3.936511581830
    8     -5.655031443355      1.162703281909      4.182362896795
    8     13.181962007976      3.222200201370      2.414325452516
    8     11.215364248169      6.511639400266      2.588830805583
  258      1.823428079504     -1.036659239104      3.384150453435
  258     -0.012080806171      2.141475779275      3.207602050326
  258      3.772921911555     -4.413342830617      3.434938470738
  258      5.628296790694     -1.050010558444      3.354784807568
  258      3.753135508622      2.177758902555      3.259037076437
  258      7.494346583137     -4.343921283222      3.350396409936
  258     -1.890131676693     -1.066070156774      3.229329266179
  258     -3.757229966849      2.180596382636      3.395845094659
  258      0.021316820890     -4.328873717233      3.262007361943
    8      0.060243230282     -0.025590986973      2.438711463052
    8     -1.936126710903      3.218200767011      2.487960248130
    8     18.670155475338      4.335967932445      4.106180375631
    8      3.693834243857     -0.000991221021      2.523800443575
    8     14.987693999311      4.324835544556      4.173739117336
    8     16.837035853924      3.238619960325      2.457948038380
    8     -3.779469032414      0.056238585486      2.482118866215
    8     16.766057433658      7.564543771331      4.165950601906
    8     13.161811376483      7.667473447942      4.174661946342
    8      1.886742887420     -1.081728880065      0.890426295743
    8     -0.013738215164      2.168056494485      0.880010289132
    8      3.752506733046     -4.343047049413      0.926133148342
    8      5.597954217022     -1.082969437849      0.918660679225
    8      3.769834015154      2.125224842918      0.885473271566
    8     18.769861620841      6.566423855306      2.567295047181
    8     -1.879413478638     -1.026039465140      0.904397342404
    8     -3.753614957933      2.175645675702      0.865161066866
    8     14.954064850487      6.466095050597      2.480646922096
  258      0.009305602208     -0.008639372453      0.051208867851
  258     -1.888995909043      3.259435832710      0.083154195981
  258      1.893758765946     -3.237340271874      0.112517752281
  258      3.743085612078     -0.010135723113      0.091909117644
  258      1.876899496574      3.259350255228      0.070473113664
  258      5.615440372462     -3.253416778116      0.116125475476
  258     -3.755282391203      0.012653930167      0.078802847214
  258     -5.606466493252      3.253128404947      0.074008177559
  258     -1.876572103256     -3.248772168319      0.071446381860
    8     -1.871736400028      1.091157989575     -0.792848348458
    8     -3.735804760643      4.348508242427     -0.782020924460
    8      0.038702316825     -2.143605619048     -0.777686817911
    8      1.874097075309      1.081438119194     -0.779668860950
    8     -0.013854262124      4.334832792377     -0.781188726740
    8      3.750834406204     -2.172718376388     -0.771480672043
    8     -5.617784806031      1.076612714379     -0.786086524775
    8     -7.484481037650      4.303245891502     -0.742494992127
    8     -3.784161622488     -2.137095088781     -0.771976345059
    8      0.000000000000      0.000000000000     -2.343480358560
    8     -1.874045762661      3.250297024057     -2.343480358560
    8      1.874045762666     -3.250297024052     -2.343480358560
    8      3.743678205607     -0.002488454250     -2.343480358560
    8      1.869632442939      3.247808569813     -2.343480358560
    8      5.617723968282     -3.252785478301     -2.343480358560
    8     -3.743678205607      0.002488454240     -2.343480358560
    8     -5.617723968282      3.252785478301     -2.343480358560
    8     -1.869632442944     -3.247808569808     -2.343480358560
  258     -1.872574656090      1.084261826100     -3.124640478080
  258     -3.746620418745      4.334558850163     -3.124640478080
  258      0.001471106575     -2.166035197954     -3.124640478080
  258      1.871103549516      1.081773371855     -3.124640478080
  258     -0.002942213147      4.332070395913     -3.124640478080
  258      3.745149312182     -2.168523652201     -3.124640478080
  258     -5.616252861738      1.086750280332     -3.124640478080
  258     -7.490298624360      4.337047304410     -3.124640478080
  258     -3.742207099034     -2.163546743712     -3.124640478080
    8      1.872574656090     -1.084261826100     -3.905800597599
    8     -0.001471106575      2.166035197954     -3.905800597599
    8      3.746620418745     -4.334558850163     -3.905800597599
    8      5.616252861738     -1.086750280332     -3.905800597599
    8      3.742207099038      2.163546743713     -3.905800597599
    8      7.490298624360     -4.337047304410     -3.905800597599
    8     -1.871103549516     -1.081773371855     -3.905800597599
    8     -3.745149312185      2.168523652200     -3.905800597599
    8      0.002942213146     -4.332070395914     -3.905800597599
    8     -3.532421528135      2.037150580148      6.027108616687
    1     -2.715822498570      2.507398499209      6.371169719771
    8      1.646325490604      2.562900705792      6.553282436783
    1      1.658713784319      3.533995360688      6.354264191632
    1      1.709125974059      2.101498288364      5.671676461858
    1     -3.312785829167      1.094016998597      6.115769336067
    8     -6.613711723714      1.930859843580      6.940575292100
    1     -6.183313168267      1.537923340619      6.147410211018
    1      3.651910304449      1.950107467289      6.777206252944
    1      7.315190479167     -3.674162761040      6.423823739006
    8      6.967332506390     -4.453548620319      5.926546941264
    8     -0.523290907600     -2.397943978274      6.726629441279
    1     -0.391439294686     -2.312000712062      5.723485864620
    1     -0.543790095784     -3.384712463365      6.857673275274
    8      1.718272030928     -0.877492238009      6.071148147074
    1      1.529001766115      0.076109125537      6.048853850178
    1      0.951924770708     -1.347675153571      6.471432168461
    1      5.943160738723     -4.364323984438      5.876913953898
    1     -7.087155955498      4.608045886827      5.833324950551
    8     -6.602212840383      4.702530156984      6.698946638439
    1     -6.327621804266      3.773443449065      6.880560924119
    8     -3.287234290879     -1.967251753676      6.858761207030
    1     -2.304009194414     -2.080739554251      6.861250197411
    1     -3.517710908464     -1.895943147805      5.890527249330
    8     -1.362306633136      3.272955277900      7.108985370738
    1     -0.486373376607      2.899991045813      6.884291372297
    1     -1.382974780820      4.176378273031      6.628624249892
    8     -1.273801557295      5.480664670151      5.749539271697
    1     -1.479480862516      6.381599549147      6.059809246270
    8     -1.110775492532      8.266590108891      5.281666896444
    8     -1.957221786972      7.601310511704      4.270680812155
    0    0
